ktestMCOV MFI_KLEE_TOPDIR_TEST_TEMPLATE.sh-out/klee-out-0/test000001.ktest MFI_KLEE_TOPDIR_TEST_TEMPLATE.sh-out/klee-out-0/test000014.ktest MFI_KLEE_TOPDIR_TEST_TEMPLATE.sh-out/klee-out-0/test000042.ktest MFI_KLEE_TOPDIR_TEST_TEMPLATE.sh-out/klee-out-0/test000006.ktest MFI_KLEE_TOPDIR_TEST_TEMPLATE.sh-out/klee-out-0/test000015.ktest MFI_KLEE_TOPDIR_TEST_TEMPLATE.sh-out/klee-out-0/test000002.ktest MFI_KLEE_TOPDIR_TEST_TEMPLATE.sh-out/klee-out-0/test000047.ktest MFI_KLEE_TOPDIR_TEST_TEMPLATE.sh-out/klee-out-0/test000039.ktest MFI_KLEE_TOPDIR_TEST_TEMPLATE.sh-out/klee-out-0/test000020.ktest MFI_KLEE_TOPDIR_TEST_TEMPLATE.sh-out/klee-out-0/test000040.ktest MFI_KLEE_TOPDIR_TEST_TEMPLATE.sh-out/klee-out-0/test000034.ktest MFI_KLEE_TOPDIR_TEST_TEMPLATE.sh-out/klee-out-0/test000007.ktest MFI_KLEE_TOPDIR_TEST_TEMPLATE.sh-out/klee-out-0/test000009.ktest MFI_KLEE_TOPDIR_TEST_TEMPLATE.sh-out/klee-out-0/test000017.ktest MFI_KLEE_TOPDIR_TEST_TEMPLATE.sh-out/klee-out-0/test000025.ktest MFI_KLEE_TOPDIR_TEST_TEMPLATE.sh-out/klee-out-0/test000027.ktest MFI_KLEE_TOPDIR_TEST_TEMPLATE.sh-out/klee-out-0/test000029.ktest MFI_KLEE_TOPDIR_TEST_TEMPLATE.sh-out/klee-out-0/test000011.ktest MFI_KLEE_TOPDIR_TEST_TEMPLATE.sh-out/klee-out-0/test000049.ktest MFI_KLEE_TOPDIR_TEST_TEMPLATE.sh-out/klee-out-0/test000031.ktest MFI_KLEE_TOPDIR_TEST_TEMPLATE.sh-out/klee-out-0/test000013.ktest MFI_KLEE_TOPDIR_TEST_TEMPLATE.sh-out/klee-out-0/test000045.ktest MFI_KLEE_TOPDIR_TEST_TEMPLATE.sh-out/klee-out-0/test000018.ktest MFI_KLEE_TOPDIR_TEST_TEMPLATE.sh-out/klee-out-0/test000016.ktest MFI_KLEE_TOPDIR_TEST_TEMPLATE.sh-out/klee-out-0/test000044.ktest MFI_KLEE_TOPDIR_TEST_TEMPLATE.sh-out/klee-out-0/test000019.ktest MFI_KLEE_TOPDIR_TEST_TEMPLATE.sh-out/klee-out-0/test000046.ktest MFI_KLEE_TOPDIR_TEST_TEMPLATE.sh-out/klee-out-0/test000048.ktest MFI_KLEE_TOPDIR_TEST_TEMPLATE.sh-out/klee-out-0/test000033.ktest MFI_KLEE_TOPDIR_TEST_TEMPLATE.sh-out/klee-out-0/test000050.ktest MFI_KLEE_TOPDIR_TEST_TEMPLATE.sh-out/klee-out-0/test000030.ktest MFI_KLEE_TOPDIR_TEST_TEMPLATE.sh-out/klee-out-0/test000026.ktest MFI_KLEE_TOPDIR_TEST_TEMPLATE.sh-out/klee-out-0/test000043.ktest MFI_KLEE_TOPDIR_TEST_TEMPLATE.sh-out/klee-out-0/test000003.ktest MFI_KLEE_TOPDIR_TEST_TEMPLATE.sh-out/klee-out-0/test000032.ktest MFI_KLEE_TOPDIR_TEST_TEMPLATE.sh-out/klee-out-0/test000005.ktest MFI_KLEE_TOPDIR_TEST_TEMPLATE.sh-out/klee-out-0/test000021.ktest MFI_KLEE_TOPDIR_TEST_TEMPLATE.sh-out/klee-out-0/test000035.ktest MFI_KLEE_TOPDIR_TEST_TEMPLATE.sh-out/klee-out-0/test000038.ktest MFI_KLEE_TOPDIR_TEST_TEMPLATE.sh-out/klee-out-0/test000036.ktest MFI_KLEE_TOPDIR_TEST_TEMPLATE.sh-out/klee-out-0/test000004.ktest MFI_KLEE_TOPDIR_TEST_TEMPLATE.sh-out/klee-out-0/test000037.ktest MFI_KLEE_TOPDIR_TEST_TEMPLATE.sh-out/klee-out-0/test000041.ktest MFI_KLEE_TOPDIR_TEST_TEMPLATE.sh-out/klee-out-0/test000012.ktest MFI_KLEE_TOPDIR_TEST_TEMPLATE.sh-out/klee-out-0/test000008.ktest MFI_KLEE_TOPDIR_TEST_TEMPLATE.sh-out/klee-out-0/test000010.ktest MFI_KLEE_TOPDIR_TEST_TEMPLATE.sh-out/klee-out-0/test000022.ktest MFI_KLEE_TOPDIR_TEST_TEMPLATE.sh-out/klee-out-0/test000024.ktest MFI_KLEE_TOPDIR_TEST_TEMPLATE.sh-out/klee-out-0/test000023.ktest MFI_KLEE_TOPDIR_TEST_TEMPLATE.sh-out/klee-out-0/test000028.ktest tests_misc_help-version.sh-out/Dev-out-11/devtest.ktest tests_misc_help-version.sh-out/Dev-out-1/devtest.ktest tests_misc_help-version.sh-out/Dev-out-8/devtest.ktest tests_misc_help-version.sh-out/Dev-out-2/devtest.ktest tests_misc_help-version.sh-out/Dev-out-3/devtest.ktest tests_misc_help-version.sh-out/Dev-out-12/devtest.ktest tests_misc_help-version.sh-out/Dev-out-5/devtest.ktest tests_misc_help-version.sh-out/Dev-out-7/devtest.ktest tests_misc_help-version.sh-out/Dev-out-0/devtest.ktest tests_misc_help-version.sh-out/Dev-out-4/devtest.ktest tests_misc_help-version.sh-out/Dev-out-6/devtest.ktest tests_misc_help-version.sh-out/Dev-out-10/devtest.ktest tests_misc_help-version.sh-out/Dev-out-9/devtest.ktest tests_misc_invalid-opt.pl-out/Dev-out-0/devtest.ktest tests_rmdir_fail-perm.sh-out/Dev-out-0/devtest.ktest tests_rmdir_ignore.sh-out/Dev-out-0/devtest.ktest tests_rmdir_t-slash.sh-out/Dev-out-0/devtest.ktest
rmdir/655 0 0 0 0 0 0 0 0 0 0 0 0 0 0 0 0 0 0 0 0 0 0 0 0 0 0 0 0 0 0 0 0 0 0 0 0 0 0 0 0 0 0 0 0 0 0 0 0 0 1 0 0 0 0 0 0 0 0 0 0 0 0 0 0 1 1 1
rmdir/654 0 0 0 0 0 0 0 0 0 0 0 0 0 0 0 0 0 0 0 0 0 0 0 0 0 0 0 0 0 0 0 0 0 0 0 0 0 0 0 0 0 0 0 0 0 0 0 0 0 1 0 0 0 0 0 0 0 0 0 0 0 0 0 0 1 1 1
rmdir/158 1 1 1 1 1 1 1 1 1 1 1 1 1 1 1 1 1 1 1 1 1 1 1 1 1 1 1 1 1 1 1 1 1 1 1 1 1 1 1 1 1 1 1 1 1 1 1 1 1 1 1 1 1 1 1 1 1 1 1 1 1 1 1 1 1 1 1
rmdir/159 1 1 1 1 1 1 1 1 1 1 1 1 1 1 1 1 1 1 1 1 1 1 1 1 1 1 1 1 1 1 1 1 1 1 1 1 1 1 1 1 1 1 1 1 1 1 1 1 1 1 1 1 1 1 1 1 1 1 1 1 1 1 1 1 1 1 1
rmdir/152 1 1 1 1 1 1 1 1 1 1 1 1 1 1 1 1 1 1 1 1 1 1 1 1 1 1 1 1 1 1 1 1 1 1 1 1 1 1 1 1 1 1 1 1 1 1 1 1 1 1 1 1 1 1 1 1 1 1 1 1 1 1 1 1 1 1 1
rmdir/153 1 1 1 1 1 1 1 1 1 1 1 1 1 1 1 1 1 1 1 1 1 1 1 1 1 1 1 1 1 1 1 1 1 1 1 1 1 1 1 1 1 1 1 1 1 1 1 1 1 1 1 1 1 1 1 1 1 1 1 1 1 1 1 1 1 1 1
rmdir/150 1 1 1 1 1 1 1 1 1 1 1 1 1 1 1 1 1 1 1 1 1 1 1 1 1 1 1 1 1 1 1 1 1 1 1 1 1 1 1 1 1 1 1 1 1 1 1 1 1 1 1 1 1 1 1 1 1 1 1 1 1 1 1 1 1 1 1
rmdir/151 1 1 1 1 1 1 1 1 1 1 1 1 1 1 1 1 1 1 1 1 1 1 1 1 1 1 1 1 1 1 1 1 1 1 1 1 1 1 1 1 1 1 1 1 1 1 1 1 1 1 1 1 1 1 1 1 1 1 1 1 1 1 1 1 1 1 1
rmdir/156 1 1 1 1 1 1 1 1 1 1 1 1 1 1 1 1 1 1 1 1 1 1 1 1 1 1 1 1 1 1 1 1 1 1 1 1 1 1 1 1 1 1 1 1 1 1 1 1 1 1 1 1 1 1 1 1 1 1 1 1 1 1 1 1 1 1 1
rmdir/157 1 1 1 1 1 1 1 1 1 1 1 1 1 1 1 1 1 1 1 1 1 1 1 1 1 1 1 1 1 1 1 1 1 1 1 1 1 1 1 1 1 1 1 1 1 1 1 1 1 1 1 1 1 1 1 1 1 1 1 1 1 1 1 1 1 1 1
rmdir/154 1 1 1 1 1 1 1 1 1 1 1 1 1 1 1 1 1 1 1 1 1 1 1 1 1 1 1 1 1 1 1 1 1 1 1 1 1 1 1 1 1 1 1 1 1 1 1 1 1 1 1 1 1 1 1 1 1 1 1 1 1 1 1 1 1 1 1
rmdir/155 1 1 1 1 1 1 1 1 1 1 1 1 1 1 1 1 1 1 1 1 1 1 1 1 1 1 1 1 1 1 1 1 1 1 1 1 1 1 1 1 1 1 1 1 1 1 1 1 1 1 1 1 1 1 1 1 1 1 1 1 1 1 1 1 1 1 1
rmdir/656 0 0 0 0 0 0 0 0 0 0 0 0 0 0 0 0 0 0 0 0 0 0 0 0 0 0 0 0 0 0 0 0 0 0 0 0 0 0 0 0 0 0 0 0 0 0 0 0 0 1 0 0 0 0 0 0 0 0 0 0 0 0 0 0 1 1 1
rmdir/388 1 1 1 1 1 1 1 1 1 1 1 1 1 1 1 1 1 1 1 0 0 1 1 1 0 1 1 1 1 1 0 0 1 1 1 1 0 1 1 1 0 1 1 1 1 1 1 1 1 1 0 0 0 0 0 1 0 0 0 0 0 0 0 0 1 1 1
rmdir/714 1 1 0 1 1 1 1 1 1 1 1 1 0 0 1 1 1 1 1 0 0 1 1 1 0 1 1 1 1 1 0 0 1 0 1 1 0 1 1 1 0 1 1 1 1 0 1 1 1 1 0 0 0 0 0 1 0 0 0 0 0 0 0 0 1 1 1
rmdir/715 1 1 0 1 1 1 1 1 1 1 1 1 0 0 1 1 1 1 1 0 0 1 1 1 0 1 1 1 1 1 0 0 1 0 1 1 0 1 1 1 0 1 1 1 1 0 1 1 1 1 0 0 0 0 0 1 0 0 0 0 0 0 0 0 1 1 1
rmdir/716 1 1 0 1 1 1 1 1 1 1 1 1 0 0 1 1 1 1 1 0 0 1 1 1 0 1 1 1 1 1 0 0 1 0 1 1 0 1 1 1 0 1 1 1 1 0 1 1 1 1 0 0 0 0 0 1 0 0 0 0 0 0 0 0 1 1 1
rmdir/717 1 1 0 1 1 1 1 1 1 1 1 1 0 0 1 1 1 1 1 0 0 1 1 1 0 1 1 1 1 1 0 0 1 0 1 1 0 1 1 1 0 1 1 1 1 0 1 1 1 1 0 0 0 0 0 1 0 0 0 0 0 0 0 0 1 1 1
rmdir/387 1 1 1 1 1 1 1 1 1 1 1 1 1 1 1 1 1 1 1 0 0 1 1 1 0 1 1 1 1 1 0 0 1 1 1 1 0 1 1 1 0 1 1 1 1 1 1 1 1 1 0 0 0 0 0 1 0 0 0 0 0 0 0 0 1 1 1
rmdir/530 0 1 0 1 1 1 1 1 1 1 1 1 0 0 1 1 1 1 1 0 0 1 1 1 0 1 1 1 1 1 0 0 1 0 1 1 0 1 1 1 0 1 1 1 1 0 1 1 1 0 0 0 0 0 0 0 0 0 0 0 0 0 0 0 1 0 0
rmdir/531 0 1 0 1 1 1 1 1 1 1 1 1 0 0 1 1 1 1 1 0 0 1 1 1 0 1 1 1 1 1 0 0 1 0 1 1 0 1 1 1 0 1 1 1 1 0 1 1 1 0 0 0 0 0 0 0 0 0 0 0 0 0 0 0 1 0 0
rmdir/711 1 1 0 1 1 1 1 1 1 1 1 1 0 0 1 1 1 1 1 0 0 1 1 1 0 1 1 1 1 1 0 0 1 0 1 1 0 1 1 1 0 1 1 1 1 0 1 1 1 1 0 0 0 0 0 1 0 0 0 0 0 0 0 0 1 1 1
rmdir/712 1 1 0 1 1 1 1 1 1 1 1 1 0 0 1 1 1 1 1 0 0 1 1 1 0 1 1 1 1 1 0 0 1 0 1 1 0 1 1 1 0 1 1 1 1 0 1 1 1 1 0 0 0 0 0 1 0 0 0 0 0 0 0 0 1 1 1
rmdir/659 1 1 0 1 1 1 1 1 1 1 1 1 0 0 1 1 1 1 1 0 0 1 1 1 0 1 1 1 1 1 0 0 1 0 1 1 0 1 1 1 0 1 1 1 1 0 1 1 1 1 0 0 0 0 0 1 0 0 0 0 0 0 0 0 1 1 1
rmdir/713 1 1 0 1 1 1 1 1 1 1 1 1 0 0 1 1 1 1 1 0 0 1 1 1 0 1 1 1 1 1 0 0 1 0 1 1 0 1 1 1 0 1 1 1 1 0 1 1 1 1 0 0 0 0 0 1 0 0 0 0 0 0 0 0 1 1 1
rmdir/658 1 1 0 1 1 1 1 1 1 1 1 1 0 0 1 1 1 1 1 0 0 1 1 1 0 1 1 1 1 1 0 0 1 0 1 1 0 1 1 1 0 1 1 1 1 0 1 1 1 1 0 0 0 0 0 1 0 0 0 0 0 0 0 0 1 1 1
rmdir/386 1 1 1 1 1 1 1 1 1 1 1 1 1 1 1 1 1 1 1 0 0 1 1 1 0 1 1 1 1 1 0 0 1 1 1 1 0 1 1 1 0 1 1 1 1 1 1 1 1 1 0 0 0 0 0 1 0 0 0 0 0 0 0 0 1 1 1
rmdir/813 0 0 0 0 0 0 0 0 0 0 0 0 0 0 0 0 0 0 0 0 0 0 0 0 0 0 0 0 0 0 0 0 0 0 0 0 0 0 0 0 0 0 0 0 0 0 0 0 0 0 0 0 0 0 0 0 0 0 0 0 0 0 0 0 1 1 0
rmdir/211 1 1 1 1 1 1 1 1 1 1 1 1 1 1 1 1 1 1 1 1 1 1 1 1 1 1 1 1 1 1 1 1 1 1 1 1 1 1 1 1 1 1 1 1 1 1 1 1 1 1 1 1 1 1 1 1 1 1 1 1 1 1 1 1 1 1 1
rmdir/928 0 0 0 0 0 0 0 0 0 0 0 0 0 0 0 0 0 0 0 0 0 0 0 0 0 0 0 0 0 0 0 0 0 0 0 0 0 0 0 0 0 0 0 0 0 0 0 0 0 0 0 0 0 0 0 0 0 0 0 0 0 0 0 0 1 1 0
rmdir/210 1 1 1 1 1 1 1 1 1 1 1 1 1 1 1 1 1 1 1 1 1 1 1 1 1 1 1 1 1 1 1 1 1 1 1 1 1 1 1 1 1 1 1 1 1 1 1 1 1 1 1 1 1 1 1 1 1 1 1 1 1 1 1 1 1 1 1
rmdir/837 0 0 0 0 0 0 0 0 0 0 0 0 0 0 0 0 0 0 0 0 0 0 0 0 0 0 0 0 0 0 0 0 0 0 0 0 0 0 0 0 0 0 0 0 0 0 0 0 0 0 0 0 0 0 0 0 0 0 0 0 0 0 0 0 1 1 0
rmdir/691 1 1 0 1 1 1 1 1 1 1 1 1 0 0 1 1 1 1 1 0 0 1 1 1 0 1 1 1 1 1 0 0 1 0 1 1 0 1 1 1 0 1 1 1 1 0 1 1 1 1 0 0 0 0 0 1 0 0 0 0 0 0 0 0 1 1 1
rmdir/693 1 1 0 1 1 1 1 1 1 1 1 1 0 0 1 1 1 1 1 0 0 1 1 1 0 1 1 1 1 1 0 0 1 0 1 1 0 1 1 1 0 1 1 1 1 0 1 1 1 1 0 0 0 0 0 1 0 0 0 0 0 0 0 0 1 1 1
rmdir/840 0 0 0 0 0 0 0 0 0 0 0 0 0 0 0 0 0 0 0 0 0 0 0 0 0 0 0 0 0 0 0 0 0 0 0 0 0 0 0 0 0 0 0 0 0 0 0 0 0 0 0 0 0 0 0 0 0 0 0 0 0 0 0 0 1 1 0
rmdir/811 0 0 0 0 0 0 0 0 0 0 0 0 0 0 0 0 0 0 0 0 0 0 0 0 0 0 0 0 0 0 0 0 0 0 0 0 0 0 0 0 0 0 0 0 0 0 0 0 0 0 0 0 0 0 0 0 0 0 0 0 0 0 0 0 1 1 0
rmdir/772 0 0 0 0 0 0 0 0 0 0 0 0 0 0 0 0 0 0 0 0 0 0 0 0 0 0 0 0 0 0 0 0 0 0 0 0 0 0 0 0 0 0 0 0 0 0 0 0 0 0 0 0 0 0 0 0 0 0 0 0 0 0 0 0 1 1 0
rmdir/773 0 0 0 0 0 0 0 0 0 0 0 0 0 0 0 0 0 0 0 0 0 0 0 0 0 0 0 0 0 0 0 0 0 0 0 0 0 0 0 0 0 0 0 0 0 0 0 0 0 0 0 0 0 0 0 0 0 0 0 0 0 0 0 0 1 1 0
rmdir/770 0 0 0 0 0 0 0 0 0 0 0 0 0 0 0 0 0 0 0 0 0 0 0 0 0 0 0 0 0 0 0 0 0 0 0 0 0 0 0 0 0 0 0 0 0 0 0 0 0 0 0 0 0 0 0 0 0 0 0 0 0 0 0 0 1 1 0
rmdir/771 0 0 0 0 0 0 0 0 0 0 0 0 0 0 0 0 0 0 0 0 0 0 0 0 0 0 0 0 0 0 0 0 0 0 0 0 0 0 0 0 0 0 0 0 0 0 0 0 0 0 0 0 0 0 0 0 0 0 0 0 0 0 0 0 1 1 0
rmdir/800 0 0 0 0 0 0 0 0 0 0 0 0 0 0 0 0 0 0 0 0 0 0 0 0 0 0 0 0 0 0 0 0 0 0 0 0 0 0 0 0 0 0 0 0 0 0 0 0 0 0 0 0 0 0 0 0 0 0 0 0 0 0 0 0 1 1 0
rmdir/777 0 0 0 0 0 0 0 0 0 0 0 0 0 0 0 0 0 0 0 0 0 0 0 0 0 0 0 0 0 0 0 0 0 0 0 0 0 0 0 0 0 0 0 0 0 0 0 0 0 0 0 0 0 0 0 0 0 0 0 0 0 0 0 0 1 1 0
rmdir/774 0 0 0 0 0 0 0 0 0 0 0 0 0 0 0 0 0 0 0 0 0 0 0 0 0 0 0 0 0 0 0 0 0 0 0 0 0 0 0 0 0 0 0 0 0 0 0 0 0 0 0 0 0 0 0 0 0 0 0 0 0 0 0 0 1 1 0
rmdir/803 0 0 0 0 0 0 0 0 0 0 0 0 0 0 0 0 0 0 0 0 0 0 0 0 0 0 0 0 0 0 0 0 0 0 0 0 0 0 0 0 0 0 0 0 0 0 0 0 0 0 0 0 0 0 0 0 0 0 0 0 0 0 0 0 1 1 0
rmdir/778 0 0 0 0 0 0 0 0 0 0 0 0 0 0 0 0 0 0 0 0 0 0 0 0 0 0 0 0 0 0 0 0 0 0 0 0 0 0 0 0 0 0 0 0 0 0 0 0 0 0 0 0 0 0 0 0 0 0 0 0 0 0 0 0 1 1 0
rmdir/779 0 0 0 0 0 0 0 0 0 0 0 0 0 0 0 0 0 0 0 0 0 0 0 0 0 0 0 0 0 0 0 0 0 0 0 0 0 0 0 0 0 0 0 0 0 0 0 0 0 0 0 0 0 0 0 0 0 0 0 0 0 0 0 0 1 1 0
rmdir/808 0 0 0 0 0 0 0 0 0 0 0 0 0 0 0 0 0 0 0 0 0 0 0 0 0 0 0 0 0 0 0 0 0 0 0 0 0 0 0 0 0 0 0 0 0 0 0 0 0 0 0 0 0 0 0 0 0 0 0 0 0 0 0 0 1 1 0
rmdir/809 0 0 0 0 0 0 0 0 0 0 0 0 0 0 0 0 0 0 0 0 0 0 0 0 0 0 0 0 0 0 0 0 0 0 0 0 0 0 0 0 0 0 0 0 0 0 0 0 0 0 0 0 0 0 0 0 0 0 0 0 0 0 0 0 1 1 0
rmdir/841 0 0 0 0 0 0 0 0 0 0 0 0 0 0 0 0 0 0 0 0 0 0 0 0 0 0 0 0 0 0 0 0 0 0 0 0 0 0 0 0 0 0 0 0 0 0 0 0 0 0 0 0 0 0 0 0 0 0 0 0 0 0 0 0 1 1 0
rmdir/931 0 0 0 0 0 0 0 0 0 0 0 0 0 0 0 0 0 0 0 0 0 0 0 0 0 0 0 0 0 0 0 0 0 0 0 0 0 0 0 0 0 0 0 0 0 0 0 0 0 0 0 0 0 0 0 0 0 0 0 0 0 0 0 0 1 1 0
rmdir/378 1 1 1 1 1 1 1 1 1 1 1 1 1 1 1 1 1 1 1 0 0 1 1 1 0 1 1 1 1 1 0 0 1 1 1 1 0 1 1 1 0 1 1 1 1 1 1 1 1 1 0 0 0 0 0 1 0 0 0 0 0 0 0 0 1 1 1
rmdir/379 1 1 1 1 1 1 1 1 1 1 1 1 1 1 1 1 1 1 1 0 0 1 1 1 0 1 1 1 1 1 0 0 1 1 1 1 0 1 1 1 0 1 1 1 1 1 1 1 1 1 0 0 0 0 0 1 0 0 0 0 0 0 0 0 1 1 1
rmdir/376 1 1 1 1 1 1 1 1 1 1 1 1 1 1 1 1 1 1 1 0 0 1 1 1 0 1 1 1 1 1 0 0 1 1 1 1 0 1 1 1 0 1 1 1 1 1 1 1 1 1 0 0 0 0 0 1 0 0 0 0 0 0 0 0 1 1 1
rmdir/377 1 1 1 1 1 1 1 1 1 1 1 1 1 1 1 1 1 1 1 0 0 1 1 1 0 1 1 1 1 1 0 0 1 1 1 1 0 1 1 1 0 1 1 1 1 1 1 1 1 1 0 0 0 0 0 1 0 0 0 0 0 0 0 0 1 1 1
rmdir/374 1 1 1 1 1 1 1 1 1 1 1 1 1 1 1 1 1 1 1 0 0 1 1 1 0 1 1 1 1 1 0 0 1 1 1 1 0 1 1 1 0 1 1 1 1 1 1 1 1 1 0 0 0 0 0 1 0 0 0 0 0 0 0 0 1 1 1
rmdir/375 1 1 1 1 1 1 1 1 1 1 1 1 1 1 1 1 1 1 1 0 0 1 1 1 0 1 1 1 1 1 0 0 1 1 1 1 0 1 1 1 0 1 1 1 1 1 1 1 1 1 0 0 0 0 0 1 0 0 0 0 0 0 0 0 1 1 1
rmdir/372 1 1 1 1 1 1 1 1 1 1 1 1 1 1 1 1 1 1 1 0 0 1 1 1 0 1 1 1 1 1 0 0 1 1 1 1 0 1 1 1 0 1 1 1 1 1 1 1 1 1 0 0 0 0 0 1 0 0 0 0 0 0 0 0 1 1 1
rmdir/373 1 1 1 1 1 1 1 1 1 1 1 1 1 1 1 1 1 1 1 0 0 1 1 1 0 1 1 1 1 1 0 0 1 1 1 1 0 1 1 1 0 1 1 1 1 1 1 1 1 1 0 0 0 0 0 1 0 0 0 0 0 0 0 0 1 1 1
rmdir/370 1 1 1 1 1 1 1 1 1 1 1 1 1 1 1 1 1 1 1 0 0 1 1 1 0 1 1 1 1 1 0 0 1 1 1 1 0 1 1 1 0 1 1 1 1 1 1 1 1 1 0 0 0 0 0 1 0 0 0 0 0 0 0 0 1 1 1
rmdir/371 1 1 1 1 1 1 1 1 1 1 1 1 1 1 1 1 1 1 1 0 0 1 1 1 0 1 1 1 1 1 0 0 1 1 1 1 0 1 1 1 0 1 1 1 1 1 1 1 1 1 0 0 0 0 0 1 0 0 0 0 0 0 0 0 1 1 1
rmdir/842 0 0 0 0 0 0 0 0 0 0 0 0 0 0 0 0 0 0 0 0 0 0 0 0 0 0 0 0 0 0 0 0 0 0 0 0 0 0 0 0 0 0 0 0 0 0 0 0 0 0 0 0 0 0 0 0 0 0 0 0 0 0 0 0 1 1 0
rmdir/270 0 0 1 0 0 0 0 0 0 1 0 0 0 0 0 0 1 0 0 0 0 0 0 0 0 0 0 0 1 0 0 0 0 0 1 0 0 0 0 0 0 0 0 0 0 1 0 0 0 1 0 0 0 0 0 0 0 0 0 0 0 0 0 0 1 1 1
rmdir/501 1 1 0 1 1 1 1 1 1 1 1 1 0 0 1 1 1 1 1 0 0 1 1 1 0 1 1 1 1 1 0 0 1 0 1 1 0 1 1 1 0 1 1 1 1 0 1 1 1 1 0 0 0 0 0 1 0 0 0 0 0 0 0 0 1 1 1
rmdir/500 1 1 0 1 1 1 1 1 1 1 1 1 0 0 1 1 1 1 1 0 0 1 1 1 0 1 1 1 1 1 0 0 1 0 1 1 0 1 1 1 0 1 1 1 1 0 1 1 1 1 0 0 0 0 0 1 0 0 0 0 0 0 0 0 1 1 1
rmdir/503 1 1 0 1 1 1 1 1 1 1 1 1 0 0 1 1 1 1 1 0 0 1 1 1 0 1 1 1 1 1 0 0 1 0 1 1 0 1 1 1 0 1 1 1 1 0 1 1 1 1 0 0 0 0 0 1 0 0 0 0 0 0 0 0 1 1 1
rmdir/502 1 1 0 1 1 1 1 1 1 1 1 1 0 0 1 1 1 1 1 0 0 1 1 1 0 1 1 1 1 1 0 0 1 0 1 1 0 1 1 1 0 1 1 1 1 0 1 1 1 1 0 0 0 0 0 1 0 0 0 0 0 0 0 0 1 1 1
rmdir/505 1 1 0 1 1 1 1 1 1 1 1 1 0 0 1 1 1 1 1 0 0 1 1 1 0 1 1 1 1 1 0 0 1 0 1 1 0 1 1 1 0 1 1 1 1 0 1 1 1 1 0 0 0 0 0 1 0 0 0 0 0 0 0 0 1 1 1
rmdir/504 1 1 0 1 1 1 1 1 1 1 1 1 0 0 1 1 1 1 1 0 0 1 1 1 0 1 1 1 1 1 0 0 1 0 1 1 0 1 1 1 0 1 1 1 1 0 1 1 1 1 0 0 0 0 0 1 0 0 0 0 0 0 0 0 1 1 1
rmdir/507 1 1 0 1 1 1 1 1 1 1 1 1 0 0 1 1 1 1 1 0 0 1 1 1 0 1 1 1 1 1 0 0 1 0 1 1 0 1 1 1 0 1 1 1 1 0 1 1 1 1 0 0 0 0 0 1 0 0 0 0 0 0 0 0 1 1 1
rmdir/506 1 1 0 1 1 1 1 1 1 1 1 1 0 0 1 1 1 1 1 0 0 1 1 1 0 1 1 1 1 1 0 0 1 0 1 1 0 1 1 1 0 1 1 1 1 0 1 1 1 1 0 0 0 0 0 1 0 0 0 0 0 0 0 0 1 1 1
rmdir/509 1 1 0 1 1 1 1 1 1 1 1 1 0 0 1 1 1 1 1 0 0 1 1 1 0 1 1 1 1 1 0 0 1 0 1 1 0 1 1 1 0 1 1 1 1 0 1 1 1 1 0 0 0 0 0 1 0 0 0 0 0 0 0 0 1 1 1
rmdir/508 1 1 0 1 1 1 1 1 1 1 1 1 0 0 1 1 1 1 1 0 0 1 1 1 0 1 1 1 1 1 0 0 1 0 1 1 0 1 1 1 0 1 1 1 1 0 1 1 1 1 0 0 0 0 0 1 0 0 0 0 0 0 0 0 1 1 1
rmdir/972 0 0 0 0 0 0 0 0 0 0 0 0 0 0 0 0 0 0 0 0 0 0 0 0 0 0 0 0 0 0 0 0 0 0 0 0 0 0 0 0 0 0 0 0 0 0 0 0 0 1 0 0 0 0 0 0 0 0 0 0 0 0 0 0 1 1 1
rmdir/973 0 0 0 0 0 0 0 0 0 0 0 0 0 0 0 0 0 0 0 0 0 0 0 0 0 0 0 0 0 0 0 0 0 0 0 0 0 0 0 0 0 0 0 0 0 0 0 0 0 1 0 0 0 0 0 0 0 0 0 0 0 0 0 0 1 1 1
rmdir/69 0 0 0 0 0 0 0 0 0 0 0 0 0 0 0 0 0 0 0 0 0 0 0 0 0 0 0 0 0 0 1 0 0 0 0 0 0 0 0 0 0 0 0 0 0 0 0 0 0 0 0 0 1 1 0 0 0 0 1 1 1 1 0 0 0 0 0
rmdir/870 0 0 0 0 0 0 0 0 0 0 0 0 0 0 0 0 0 0 0 0 0 0 0 0 0 0 0 0 0 0 0 0 0 0 0 0 0 0 0 0 0 0 0 0 0 0 0 0 0 0 0 0 0 0 0 0 0 0 0 0 0 0 0 0 1 1 0
rmdir/873 0 0 0 0 0 0 0 0 0 0 0 0 0 0 0 0 0 0 0 0 0 0 0 0 0 0 0 0 0 0 0 0 0 0 0 0 0 0 0 0 0 0 0 0 0 0 0 0 0 0 0 0 0 0 0 0 0 0 0 0 0 0 0 0 1 1 0
rmdir/710 1 1 0 1 1 1 1 1 1 1 1 1 0 0 1 1 1 1 1 0 0 1 1 1 0 1 1 1 1 1 0 0 1 0 1 1 0 1 1 1 0 1 1 1 1 0 1 1 1 1 0 0 0 0 0 1 0 0 0 0 0 0 0 0 1 1 1
rmdir/874 0 0 0 0 0 0 0 0 0 0 0 0 0 0 0 0 0 0 0 0 0 0 0 0 0 0 0 0 0 0 0 0 0 0 0 0 0 0 0 0 0 0 0 0 0 0 0 0 0 0 0 0 0 0 0 0 0 0 0 0 0 0 0 0 1 1 0
rmdir/61 0 0 0 0 0 0 0 0 0 0 0 0 0 0 0 0 0 0 0 0 0 0 0 0 0 0 0 0 0 0 1 0 0 0 0 0 0 0 0 0 0 0 0 0 0 0 0 0 0 0 0 0 1 1 0 0 0 0 1 1 1 1 0 0 0 0 0
rmdir/60 0 0 0 0 0 0 0 0 0 0 0 0 0 0 0 0 0 0 0 0 0 0 0 0 0 0 0 0 0 0 1 0 0 0 0 0 0 0 0 0 0 0 0 0 0 0 0 0 0 0 0 0 1 1 0 0 0 0 1 1 1 1 0 0 0 0 0
rmdir/63 0 0 0 0 0 0 0 0 0 0 0 0 0 0 0 0 0 0 0 0 0 0 0 0 0 0 0 0 0 0 1 0 0 0 0 0 0 0 0 0 0 0 0 0 0 0 0 0 0 0 0 0 1 1 0 0 0 0 1 1 1 1 0 0 0 0 0
rmdir/64 0 0 0 0 0 0 0 0 0 0 0 0 0 0 0 0 0 0 0 0 0 0 0 0 0 0 0 0 0 0 1 0 0 0 0 0 0 0 0 0 0 0 0 0 0 0 0 0 0 0 0 0 1 1 0 0 0 0 1 1 1 1 0 0 0 0 0
rmdir/67 0 0 0 0 0 0 0 0 0 0 0 0 0 0 0 0 0 0 0 0 0 0 0 0 0 0 0 0 0 0 1 0 0 0 0 0 0 0 0 0 0 0 0 0 0 0 0 0 0 0 0 0 1 1 0 0 0 0 1 1 1 1 0 0 0 0 0
rmdir/66 0 0 0 0 0 0 0 0 0 0 0 0 0 0 0 0 0 0 0 0 0 0 0 0 0 0 0 0 0 0 1 0 0 0 0 0 0 0 0 0 0 0 0 0 0 0 0 0 0 0 0 0 1 1 0 0 0 0 1 1 1 1 0 0 0 0 0
rmdir/189 1 1 1 1 1 1 1 1 1 1 1 1 1 1 1 1 1 1 1 1 1 1 1 1 1 1 1 1 1 1 1 1 1 1 1 1 1 1 1 1 1 1 1 1 1 1 1 1 1 1 1 1 1 1 1 1 1 1 1 1 1 1 1 1 1 1 1
rmdir/188 1 1 1 1 1 1 1 1 1 1 1 1 1 1 1 1 1 1 1 1 1 1 1 1 1 1 1 1 1 1 1 1 1 1 1 1 1 1 1 1 1 1 1 1 1 1 1 1 1 1 1 1 1 1 1 1 1 1 1 1 1 1 1 1 1 1 1
rmdir/185 1 1 1 1 1 1 1 1 1 1 1 1 1 1 1 1 1 1 1 1 1 1 1 1 1 1 1 1 1 1 1 1 1 1 1 1 1 1 1 1 1 1 1 1 1 1 1 1 1 1 1 1 1 1 1 1 1 1 1 1 1 1 1 1 1 1 1
rmdir/184 1 1 1 1 1 1 1 1 1 1 1 1 1 1 1 1 1 1 1 1 1 1 1 1 1 1 1 1 1 1 1 1 1 1 1 1 1 1 1 1 1 1 1 1 1 1 1 1 1 1 1 1 1 1 1 1 1 1 1 1 1 1 1 1 1 1 1
rmdir/187 1 1 1 1 1 1 1 1 1 1 1 1 1 1 1 1 1 1 1 1 1 1 1 1 1 1 1 1 1 1 1 1 1 1 1 1 1 1 1 1 1 1 1 1 1 1 1 1 1 1 1 1 1 1 1 1 1 1 1 1 1 1 1 1 1 1 1
rmdir/186 1 1 1 1 1 1 1 1 1 1 1 1 1 1 1 1 1 1 1 1 1 1 1 1 1 1 1 1 1 1 1 1 1 1 1 1 1 1 1 1 1 1 1 1 1 1 1 1 1 1 1 1 1 1 1 1 1 1 1 1 1 1 1 1 1 1 1
rmdir/181 1 1 1 1 1 1 1 1 1 1 1 1 1 1 1 1 1 1 1 1 1 1 1 1 1 1 1 1 1 1 1 1 1 1 1 1 1 1 1 1 1 1 1 1 1 1 1 1 1 1 1 1 1 1 1 1 1 1 1 1 1 1 1 1 1 1 1
rmdir/180 1 1 1 1 1 1 1 1 1 1 1 1 1 1 1 1 1 1 1 1 1 1 1 1 1 1 1 1 1 1 1 1 1 1 1 1 1 1 1 1 1 1 1 1 1 1 1 1 1 1 1 1 1 1 1 1 1 1 1 1 1 1 1 1 1 1 1
rmdir/183 1 1 1 1 1 1 1 1 1 1 1 1 1 1 1 1 1 1 1 1 1 1 1 1 1 1 1 1 1 1 1 1 1 1 1 1 1 1 1 1 1 1 1 1 1 1 1 1 1 1 1 1 1 1 1 1 1 1 1 1 1 1 1 1 1 1 1
rmdir/182 1 1 1 1 1 1 1 1 1 1 1 1 1 1 1 1 1 1 1 1 1 1 1 1 1 1 1 1 1 1 1 1 1 1 1 1 1 1 1 1 1 1 1 1 1 1 1 1 1 1 1 1 1 1 1 1 1 1 1 1 1 1 1 1 1 1 1
rmdir/574 0 0 0 0 0 0 0 0 0 0 0 0 0 0 0 0 0 0 0 0 0 0 0 0 0 0 0 0 0 0 0 0 0 0 0 0 0 0 0 0 0 0 0 0 0 0 0 0 0 1 0 0 0 0 0 0 0 0 0 0 0 0 0 0 1 1 1
rmdir/575 0 0 0 0 0 0 0 0 0 0 0 0 0 0 0 0 0 0 0 0 0 0 0 0 0 0 0 0 0 0 0 0 0 0 0 0 0 0 0 0 0 0 0 0 0 0 0 0 0 1 0 0 0 0 0 0 0 0 0 0 0 0 0 0 1 1 1
rmdir/479 1 1 0 1 1 1 1 1 1 1 1 1 0 0 1 1 1 1 1 0 0 1 1 1 0 1 1 1 1 1 0 0 1 0 1 1 0 1 1 1 0 1 1 1 1 0 1 1 1 1 0 0 0 0 0 1 0 0 0 0 0 0 0 0 1 1 1
rmdir/478 1 1 0 1 1 1 1 1 1 1 1 1 0 0 1 1 1 1 1 0 0 1 1 1 0 1 1 1 1 1 0 0 1 0 1 1 0 1 1 1 0 1 1 1 1 0 1 1 1 1 0 0 0 0 0 1 0 0 0 0 0 0 0 0 1 1 1
rmdir/572 0 0 0 0 0 0 0 0 0 0 0 0 0 0 0 0 0 0 0 0 0 0 0 0 0 0 0 0 0 0 0 0 0 0 0 0 0 0 0 0 0 0 0 0 0 0 0 0 0 1 0 0 0 0 0 0 0 0 0 0 0 0 0 0 1 1 1
rmdir/573 0 0 0 0 0 0 0 0 0 0 0 0 0 0 0 0 0 0 0 0 0 0 0 0 0 0 0 0 0 0 0 0 0 0 0 0 0 0 0 0 0 0 0 0 0 0 0 0 0 1 0 0 0 0 0 0 0 0 0 0 0 0 0 0 1 1 1
rmdir/475 1 1 0 1 1 1 1 1 1 1 1 1 0 0 1 1 1 1 1 0 0 1 1 1 0 1 1 1 1 1 0 0 1 0 1 1 0 1 1 1 0 1 1 1 1 0 1 1 1 1 0 0 0 0 0 1 0 0 0 0 0 0 0 0 1 1 1
rmdir/474 1 1 0 1 1 1 1 1 1 1 1 1 0 0 1 1 1 1 1 0 0 1 1 1 0 1 1 1 1 1 0 0 1 0 1 1 0 1 1 1 0 1 1 1 1 0 1 1 1 1 0 0 0 0 0 1 0 0 0 0 0 0 0 0 1 1 1
rmdir/477 1 1 0 1 1 1 1 1 1 1 1 1 0 0 1 1 1 1 1 0 0 1 1 1 0 1 1 1 1 1 0 0 1 0 1 1 0 1 1 1 0 1 1 1 1 0 1 1 1 1 0 0 0 0 0 1 0 0 0 0 0 0 0 0 1 1 1
rmdir/476 1 1 0 1 1 1 1 1 1 1 1 1 0 0 1 1 1 1 1 0 0 1 1 1 0 1 1 1 1 1 0 0 1 0 1 1 0 1 1 1 0 1 1 1 1 0 1 1 1 1 0 0 0 0 0 1 0 0 0 0 0 0 0 0 1 1 1
rmdir/471 1 1 0 1 1 1 1 1 1 1 1 1 0 0 1 1 1 1 1 0 0 1 1 1 0 1 1 1 1 1 0 0 1 0 1 1 0 1 1 1 0 1 1 1 1 0 1 1 1 1 0 0 0 0 0 1 0 0 0 0 0 0 0 0 1 1 1
rmdir/470 1 1 0 1 1 1 1 1 1 1 1 1 0 0 1 1 1 1 1 0 0 1 1 1 0 1 1 1 1 1 0 0 1 0 1 1 0 1 1 1 0 1 1 1 1 0 1 1 1 1 0 0 0 0 0 1 0 0 0 0 0 0 0 0 1 1 1
rmdir/473 1 1 0 1 1 1 1 1 1 1 1 1 0 0 1 1 1 1 1 0 0 1 1 1 0 1 1 1 1 1 0 0 1 0 1 1 0 1 1 1 0 1 1 1 1 0 1 1 1 1 0 0 0 0 0 1 0 0 0 0 0 0 0 0 1 1 1
rmdir/472 1 1 0 1 1 1 1 1 1 1 1 1 0 0 1 1 1 1 1 0 0 1 1 1 0 1 1 1 1 1 0 0 1 0 1 1 0 1 1 1 0 1 1 1 1 0 1 1 1 1 0 0 0 0 0 1 0 0 0 0 0 0 0 0 1 1 1
rmdir/608 0 0 0 0 0 0 0 0 0 0 0 0 0 0 0 0 0 0 0 0 0 0 0 0 0 0 0 0 0 0 0 0 0 0 0 0 0 0 0 0 0 0 0 0 0 0 0 0 0 1 0 0 0 0 0 0 0 0 0 0 0 0 0 0 1 1 1
rmdir/609 0 0 0 0 0 0 0 0 0 0 0 0 0 0 0 0 0 0 0 0 0 0 0 0 0 0 0 0 0 0 0 0 0 0 0 0 0 0 0 0 0 0 0 0 0 0 0 0 0 1 0 0 0 0 0 0 0 0 0 0 0 0 0 0 1 1 1
rmdir/602 0 0 0 0 0 0 0 0 0 0 0 0 0 0 0 0 0 0 0 0 0 0 0 0 0 0 0 0 0 0 0 0 0 0 0 0 0 0 0 0 0 0 0 0 0 0 0 0 0 1 0 0 0 0 0 0 0 0 0 0 0 0 0 0 1 1 1
rmdir/603 0 0 0 0 0 0 0 0 0 0 0 0 0 0 0 0 0 0 0 0 0 0 0 0 0 0 0 0 0 0 0 0 0 0 0 0 0 0 0 0 0 0 0 0 0 0 0 0 0 1 0 0 0 0 0 0 0 0 0 0 0 0 0 0 1 1 1
rmdir/601 0 0 0 0 0 0 0 0 0 0 0 0 0 0 0 0 0 0 0 0 0 0 0 0 0 0 0 0 0 0 0 0 0 0 0 0 0 0 0 0 0 0 0 0 0 0 0 0 0 1 0 0 0 0 0 0 0 0 0 0 0 0 0 0 1 1 1
rmdir/606 0 0 0 0 0 0 0 0 0 0 0 0 0 0 0 0 0 0 0 0 0 0 0 0 0 0 0 0 0 0 0 0 0 0 0 0 0 0 0 0 0 0 0 0 0 0 0 0 0 1 0 0 0 0 0 0 0 0 0 0 0 0 0 0 1 1 1
rmdir/607 0 0 0 0 0 0 0 0 0 0 0 0 0 0 0 0 0 0 0 0 0 0 0 0 0 0 0 0 0 0 0 0 0 0 0 0 0 0 0 0 0 0 0 0 0 0 0 0 0 1 0 0 0 0 0 0 0 0 0 0 0 0 0 0 1 1 1
rmdir/604 0 0 0 0 0 0 0 0 0 0 0 0 0 0 0 0 0 0 0 0 0 0 0 0 0 0 0 0 0 0 0 0 0 0 0 0 0 0 0 0 0 0 0 0 0 0 0 0 0 1 0 0 0 0 0 0 0 0 0 0 0 0 0 0 1 1 1
rmdir/605 0 0 0 0 0 0 0 0 0 0 0 0 0 0 0 0 0 0 0 0 0 0 0 0 0 0 0 0 0 0 0 0 0 0 0 0 0 0 0 0 0 0 0 0 0 0 0 0 0 1 0 0 0 0 0 0 0 0 0 0 0 0 0 0 1 1 1
rmdir/598 0 0 0 0 0 0 0 0 0 0 0 0 0 0 0 0 0 0 0 0 0 0 0 0 0 0 0 0 0 0 0 0 0 0 0 0 0 0 0 0 0 0 0 0 0 0 0 0 0 1 0 0 0 0 0 0 0 0 0 0 0 0 0 0 1 1 1
rmdir/910 0 0 0 0 0 0 0 0 0 0 0 0 0 0 0 0 0 0 0 0 0 0 0 0 0 0 0 0 0 0 0 0 0 0 0 0 0 0 0 0 0 0 0 0 0 0 0 0 0 0 0 0 0 0 0 0 0 0 0 0 0 0 0 0 1 1 0
rmdir/592 0 0 0 0 0 0 0 0 0 0 0 0 0 0 0 0 0 0 0 0 0 0 0 0 0 0 0 0 0 0 0 0 0 0 0 0 0 0 0 0 0 0 0 0 0 0 0 0 0 1 0 0 0 0 0 0 0 0 0 0 0 0 0 0 1 1 1
rmdir/593 0 0 0 0 0 0 0 0 0 0 0 0 0 0 0 0 0 0 0 0 0 0 0 0 0 0 0 0 0 0 0 0 0 0 0 0 0 0 0 0 0 0 0 0 0 0 0 0 0 1 0 0 0 0 0 0 0 0 0 0 0 0 0 0 1 1 1
rmdir/590 0 0 0 0 0 0 0 0 0 0 0 0 0 0 0 0 0 0 0 0 0 0 0 0 0 0 0 0 0 0 0 0 0 0 0 0 0 0 0 0 0 0 0 0 0 0 0 0 0 1 0 0 0 0 0 0 0 0 0 0 0 0 0 0 1 1 1
rmdir/591 0 0 0 0 0 0 0 0 0 0 0 0 0 0 0 0 0 0 0 0 0 0 0 0 0 0 0 0 0 0 0 0 0 0 0 0 0 0 0 0 0 0 0 0 0 0 0 0 0 1 0 0 0 0 0 0 0 0 0 0 0 0 0 0 1 1 1
rmdir/596 0 0 0 0 0 0 0 0 0 0 0 0 0 0 0 0 0 0 0 0 0 0 0 0 0 0 0 0 0 0 0 0 0 0 0 0 0 0 0 0 0 0 0 0 0 0 0 0 0 1 0 0 0 0 0 0 0 0 0 0 0 0 0 0 1 1 1
rmdir/597 0 0 0 0 0 0 0 0 0 0 0 0 0 0 0 0 0 0 0 0 0 0 0 0 0 0 0 0 0 0 0 0 0 0 0 0 0 0 0 0 0 0 0 0 0 0 0 0 0 1 0 0 0 0 0 0 0 0 0 0 0 0 0 0 1 1 1
rmdir/595 0 0 0 0 0 0 0 0 0 0 0 0 0 0 0 0 0 0 0 0 0 0 0 0 0 0 0 0 0 0 0 0 0 0 0 0 0 0 0 0 0 0 0 0 0 0 0 0 0 1 0 0 0 0 0 0 0 0 0 0 0 0 0 0 1 1 1
rmdir/94 1 1 1 1 1 1 1 1 1 1 1 1 1 1 1 1 1 1 1 1 1 1 1 1 1 1 1 1 1 1 1 1 1 1 1 1 1 1 1 1 1 1 1 1 1 1 1 1 1 1 1 1 1 1 1 1 1 1 1 1 1 1 1 1 1 1 1
rmdir/95 1 1 1 1 1 1 1 1 1 1 1 1 1 1 1 1 1 1 1 1 1 1 1 1 1 1 1 1 1 1 1 1 1 1 1 1 1 1 1 1 1 1 1 1 1 1 1 1 1 1 1 1 1 1 1 1 1 1 1 1 1 1 1 1 1 1 1
rmdir/96 1 1 1 1 1 1 1 1 1 1 1 1 1 1 1 1 1 1 1 1 1 1 1 1 1 1 1 1 1 1 1 1 1 1 1 1 1 1 1 1 1 1 1 1 1 1 1 1 1 1 1 1 1 1 1 1 1 1 1 1 1 1 1 1 1 1 1
rmdir/692 1 1 0 1 1 1 1 1 1 1 1 1 0 0 1 1 1 1 1 0 0 1 1 1 0 1 1 1 1 1 0 0 1 0 1 1 0 1 1 1 0 1 1 1 1 0 1 1 1 1 0 0 0 0 0 1 0 0 0 0 0 0 0 0 1 1 1
rmdir/695 1 1 0 1 1 1 1 1 1 1 1 1 0 0 1 1 1 1 1 0 0 1 1 1 0 1 1 1 1 1 0 0 1 0 1 1 0 1 1 1 0 1 1 1 1 0 1 1 1 1 0 0 0 0 0 1 0 0 0 0 0 0 0 0 1 1 1
rmdir/694 1 1 0 1 1 1 1 1 1 1 1 1 0 0 1 1 1 1 1 0 0 1 1 1 0 1 1 1 1 1 0 0 1 0 1 1 0 1 1 1 0 1 1 1 1 0 1 1 1 1 0 0 0 0 0 1 0 0 0 0 0 0 0 0 1 1 1
rmdir/697 1 1 0 1 1 1 1 1 1 1 1 1 0 0 1 1 1 1 1 0 0 1 1 1 0 1 1 1 1 1 0 0 1 0 1 1 0 1 1 1 0 1 1 1 1 0 1 1 1 1 0 0 0 0 0 1 0 0 0 0 0 0 0 0 1 1 1
rmdir/696 1 1 0 1 1 1 1 1 1 1 1 1 0 0 1 1 1 1 1 0 0 1 1 1 0 1 1 1 1 1 0 0 1 0 1 1 0 1 1 1 0 1 1 1 1 0 1 1 1 1 0 0 0 0 0 1 0 0 0 0 0 0 0 0 1 1 1
rmdir/699 1 1 0 1 1 1 1 1 1 1 1 1 0 0 1 1 1 1 1 0 0 1 1 1 0 1 1 1 1 1 0 0 1 0 1 1 0 1 1 1 0 1 1 1 1 0 1 1 1 1 0 0 0 0 0 1 0 0 0 0 0 0 0 0 1 1 1
rmdir/698 1 1 0 1 1 1 1 1 1 1 1 1 0 0 1 1 1 1 1 0 0 1 1 1 0 1 1 1 1 1 0 0 1 0 1 1 0 1 1 1 0 1 1 1 1 0 1 1 1 1 0 0 0 0 0 1 0 0 0 0 0 0 0 0 1 1 1
rmdir/789 0 0 0 0 0 0 0 0 0 0 0 0 0 0 0 0 0 0 0 0 0 0 0 0 0 0 0 0 0 0 0 0 0 0 0 0 0 0 0 0 0 0 0 0 0 0 0 0 0 0 0 0 0 0 0 0 0 0 0 0 0 0 0 0 1 1 0
rmdir/798 0 0 0 0 0 0 0 0 0 0 0 0 0 0 0 0 0 0 0 0 0 0 0 0 0 0 0 0 0 0 0 0 0 0 0 0 0 0 0 0 0 0 0 0 0 0 0 0 0 0 0 0 0 0 0 0 0 0 0 0 0 0 0 0 1 1 0
rmdir/799 0 0 0 0 0 0 0 0 0 0 0 0 0 0 0 0 0 0 0 0 0 0 0 0 0 0 0 0 0 0 0 0 0 0 0 0 0 0 0 0 0 0 0 0 0 0 0 0 0 0 0 0 0 0 0 0 0 0 0 0 0 0 0 0 1 1 0
rmdir/828 0 0 0 0 0 0 0 0 0 0 0 0 0 0 0 0 0 0 0 0 0 0 0 0 0 0 0 0 0 0 0 0 0 0 0 0 0 0 0 0 0 0 0 0 0 0 0 0 0 0 0 0 0 0 0 0 0 0 0 0 0 0 0 0 1 1 0
rmdir/788 0 0 0 0 0 0 0 0 0 0 0 0 0 0 0 0 0 0 0 0 0 0 0 0 0 0 0 0 0 0 0 0 0 0 0 0 0 0 0 0 0 0 0 0 0 0 0 0 0 0 0 0 0 0 0 0 0 0 0 0 0 0 0 0 1 1 0
rmdir/826 0 0 0 0 0 0 0 0 0 0 0 0 0 0 0 0 0 0 0 0 0 0 0 0 0 0 0 0 0 0 0 0 0 0 0 0 0 0 0 0 0 0 0 0 0 0 0 0 0 0 0 0 0 0 0 0 0 0 0 0 0 0 0 0 1 1 0
rmdir/827 0 0 0 0 0 0 0 0 0 0 0 0 0 0 0 0 0 0 0 0 0 0 0 0 0 0 0 0 0 0 0 0 0 0 0 0 0 0 0 0 0 0 0 0 0 0 0 0 0 0 0 0 0 0 0 0 0 0 0 0 0 0 0 0 1 1 0
rmdir/824 0 0 0 0 0 0 0 0 0 0 0 0 0 0 0 0 0 0 0 0 0 0 0 0 0 0 0 0 0 0 0 0 0 0 0 0 0 0 0 0 0 0 0 0 0 0 0 0 0 0 0 0 0 0 0 0 0 0 0 0 0 0 0 0 1 1 0
rmdir/825 0 0 0 0 0 0 0 0 0 0 0 0 0 0 0 0 0 0 0 0 0 0 0 0 0 0 0 0 0 0 0 0 0 0 0 0 0 0 0 0 0 0 0 0 0 0 0 0 0 0 0 0 0 0 0 0 0 0 0 0 0 0 0 0 1 1 0
rmdir/822 0 0 0 0 0 0 0 0 0 0 0 0 0 0 0 0 0 0 0 0 0 0 0 0 0 0 0 0 0 0 0 0 0 0 0 0 0 0 0 0 0 0 0 0 0 0 0 0 0 0 0 0 0 0 0 0 0 0 0 0 0 0 0 0 1 1 0
rmdir/823 0 0 0 0 0 0 0 0 0 0 0 0 0 0 0 0 0 0 0 0 0 0 0 0 0 0 0 0 0 0 0 0 0 0 0 0 0 0 0 0 0 0 0 0 0 0 0 0 0 0 0 0 0 0 0 0 0 0 0 0 0 0 0 0 1 1 0
rmdir/792 0 0 0 0 0 0 0 0 0 0 0 0 0 0 0 0 0 0 0 0 0 0 0 0 0 0 0 0 0 0 0 0 0 0 0 0 0 0 0 0 0 0 0 0 0 0 0 0 0 0 0 0 0 0 0 0 0 0 0 0 0 0 0 0 1 1 0
rmdir/793 0 0 0 0 0 0 0 0 0 0 0 0 0 0 0 0 0 0 0 0 0 0 0 0 0 0 0 0 0 0 0 0 0 0 0 0 0 0 0 0 0 0 0 0 0 0 0 0 0 0 0 0 0 0 0 0 0 0 0 0 0 0 0 0 1 1 0
rmdir/569 0 0 0 0 0 0 0 0 0 0 0 0 0 0 0 0 0 0 0 0 0 0 0 0 0 0 0 0 0 0 0 0 0 0 0 0 0 0 0 0 0 0 0 0 0 0 0 0 0 1 0 0 0 0 0 0 0 0 0 0 0 0 0 0 1 1 1
rmdir/568 0 0 0 0 0 0 0 0 0 0 0 0 0 0 0 0 0 0 0 0 0 0 0 0 0 0 0 0 0 0 0 0 0 0 0 0 0 0 0 0 0 0 0 0 0 0 0 0 0 1 0 0 0 0 0 0 0 0 0 0 0 0 0 0 1 1 1
rmdir/237 1 1 1 1 1 1 1 1 1 1 1 1 1 1 1 1 1 1 1 1 1 1 1 1 1 1 1 1 1 1 1 1 1 1 1 1 1 1 1 1 1 1 1 1 1 1 1 1 1 1 1 1 1 1 1 1 1 1 1 1 1 1 1 1 1 1 1
rmdir/239 1 1 1 1 1 1 1 1 1 1 1 1 1 1 1 1 1 1 1 1 1 1 1 1 1 1 1 1 1 1 1 1 1 1 1 1 1 1 1 1 1 1 1 1 1 1 1 1 1 1 1 1 1 1 1 1 1 1 1 1 1 1 1 1 1 1 1
rmdir/238 1 1 1 1 1 1 1 1 1 1 1 1 1 1 1 1 1 1 1 1 1 1 1 1 1 1 1 1 1 1 1 1 1 1 1 1 1 1 1 1 1 1 1 1 1 1 1 1 1 1 1 1 1 1 1 1 1 1 1 1 1 1 1 1 1 1 1
rmdir/390 1 1 1 1 1 1 1 1 1 1 1 1 1 1 1 1 1 1 1 0 0 1 1 1 0 1 1 1 1 1 0 0 1 1 1 1 0 1 1 1 0 1 1 1 1 1 1 1 1 1 0 0 0 0 0 1 0 0 0 0 0 0 0 0 1 1 1
rmdir/391 1 1 1 1 1 1 1 1 1 1 1 1 1 1 1 1 1 1 1 0 0 1 1 1 0 1 1 1 1 1 0 0 1 1 1 1 0 1 1 1 0 1 1 1 1 1 1 1 1 1 0 0 0 0 0 1 0 0 0 0 0 0 0 0 1 1 1
rmdir/392 1 1 1 1 1 1 1 1 1 1 1 1 1 1 1 1 1 1 1 0 0 1 1 1 0 1 1 1 1 1 0 0 1 1 1 1 0 1 1 1 0 1 1 1 1 1 1 1 1 1 0 0 0 0 0 1 0 0 0 0 0 0 0 0 1 1 1
rmdir/393 1 1 1 1 1 1 1 1 1 1 1 1 1 1 1 1 1 1 1 0 0 1 1 1 0 1 1 1 1 1 0 0 1 1 1 1 0 1 1 1 0 1 1 1 1 1 1 1 1 1 0 0 0 0 0 1 0 0 0 0 0 0 0 0 1 1 1
rmdir/394 1 1 1 1 1 1 1 1 1 1 1 1 1 1 1 1 1 1 1 0 0 1 1 1 0 1 1 1 1 1 0 0 1 1 1 1 0 1 1 1 0 1 1 1 1 1 1 1 1 1 0 0 0 0 0 1 0 0 0 0 0 0 0 0 1 1 1
rmdir/395 1 1 1 1 1 1 1 1 1 1 1 1 1 1 1 1 1 1 1 0 0 1 1 1 0 1 1 1 1 1 0 0 1 1 1 1 0 1 1 1 0 1 1 1 1 1 1 1 1 1 0 0 0 0 0 1 0 0 0 0 0 0 0 0 1 1 1
rmdir/396 1 1 1 1 1 1 1 1 1 1 1 1 1 1 1 1 1 1 1 0 0 1 1 1 0 1 1 1 1 1 0 0 1 1 1 1 0 1 1 1 0 1 1 1 1 1 1 1 1 1 0 0 0 0 0 1 0 0 0 0 0 0 0 0 1 1 1
rmdir/397 1 1 1 1 1 1 1 1 1 1 1 1 1 1 1 1 1 1 1 0 0 1 1 1 0 1 1 1 1 1 0 0 1 1 1 1 0 1 1 1 0 1 1 1 1 1 1 1 1 1 0 0 0 0 0 1 0 0 0 0 0 0 0 0 1 1 1
rmdir/398 1 1 1 1 1 1 1 1 1 1 1 1 1 1 1 1 1 1 1 0 0 1 1 1 0 1 1 1 1 1 0 0 1 1 1 1 0 1 1 1 0 1 1 1 1 1 1 1 1 1 0 0 0 0 0 1 0 0 0 0 0 0 0 0 1 1 1
rmdir/399 1 1 1 1 1 1 1 1 1 1 1 1 1 1 1 1 1 1 1 0 0 1 1 1 0 1 1 1 1 1 0 0 1 1 1 1 0 1 1 1 0 1 1 1 1 1 1 1 1 1 0 0 0 0 0 1 0 0 0 0 0 0 0 0 1 1 1
rmdir/428 1 1 0 1 1 1 1 1 1 1 1 1 0 0 1 1 1 1 1 0 0 1 1 1 0 1 1 1 1 1 0 0 1 0 1 1 0 1 1 1 0 1 1 1 1 0 1 1 1 1 0 0 0 0 0 1 0 0 0 0 0 0 0 0 1 1 1
rmdir/429 1 1 0 1 1 1 1 1 1 1 1 1 0 0 1 1 1 1 1 0 0 1 1 1 0 1 1 1 1 1 0 0 1 0 1 1 0 1 1 1 0 1 1 1 1 0 1 1 1 1 0 0 0 0 0 1 0 0 0 0 0 0 0 0 1 1 1
rmdir/787 0 0 0 0 0 0 0 0 0 0 0 0 0 0 0 0 0 0 0 0 0 0 0 0 0 0 0 0 0 0 0 0 0 0 0 0 0 0 0 0 0 0 0 0 0 0 0 0 0 0 0 0 0 0 0 0 0 0 0 0 0 0 0 0 1 1 0
rmdir/786 0 0 0 0 0 0 0 0 0 0 0 0 0 0 0 0 0 0 0 0 0 0 0 0 0 0 0 0 0 0 0 0 0 0 0 0 0 0 0 0 0 0 0 0 0 0 0 0 0 0 0 0 0 0 0 0 0 0 0 0 0 0 0 0 1 1 0
rmdir/785 0 0 0 0 0 0 0 0 0 0 0 0 0 0 0 0 0 0 0 0 0 0 0 0 0 0 0 0 0 0 0 0 0 0 0 0 0 0 0 0 0 0 0 0 0 0 0 0 0 0 0 0 0 0 0 0 0 0 0 0 0 0 0 0 1 1 0
rmdir/832 0 0 0 0 0 0 0 0 0 0 0 0 0 0 0 0 0 0 0 0 0 0 0 0 0 0 0 0 0 0 0 0 0 0 0 0 0 0 0 0 0 0 0 0 0 0 0 0 0 0 0 0 0 0 0 0 0 0 0 0 0 0 0 0 1 1 0
rmdir/25 0 0 1 0 0 0 0 0 0 0 0 0 1 1 0 0 0 0 0 1 1 0 0 0 0 0 0 0 0 0 1 1 0 1 0 0 1 0 0 0 1 0 0 0 0 1 0 0 0 0 0 0 1 1 0 0 0 0 1 1 1 1 0 1 0 0 0
rmdir/24 0 0 1 0 0 0 0 0 0 0 0 0 1 1 0 0 0 0 0 1 1 0 0 0 0 0 0 0 0 0 1 1 0 1 0 0 1 0 0 0 1 0 0 0 0 1 0 0 0 0 0 0 1 1 0 0 0 0 1 1 1 1 0 1 0 0 0
rmdir/27 0 0 1 0 0 0 0 0 0 0 0 0 1 1 0 0 0 0 0 1 1 0 0 0 0 0 0 0 0 0 1 1 0 1 0 0 1 0 0 0 1 0 0 0 0 1 0 0 0 0 0 0 1 1 0 0 0 0 1 1 1 1 0 1 0 0 0
rmdir/26 0 0 1 0 0 0 0 0 0 0 0 0 1 1 0 0 0 0 0 1 1 0 0 0 0 0 0 0 0 0 1 1 0 1 0 0 1 0 0 0 1 0 0 0 0 1 0 0 0 0 0 0 1 1 0 0 0 0 1 1 1 1 0 1 0 0 0
rmdir/29 0 0 1 0 0 0 0 0 0 0 0 0 1 1 0 0 0 0 0 1 1 0 0 0 0 0 0 0 0 0 1 1 0 1 0 0 1 0 0 0 1 0 0 0 0 1 0 0 0 0 0 0 1 1 0 0 0 0 1 1 1 1 0 1 0 0 0
rmdir/28 0 0 1 0 0 0 0 0 0 0 0 0 1 1 0 0 0 0 0 1 1 0 0 0 0 0 0 0 0 0 1 1 0 1 0 0 1 0 0 0 1 0 0 0 0 1 0 0 0 0 0 0 1 1 0 0 0 0 1 1 1 1 0 1 0 0 0
rmdir/321 0 0 0 0 0 0 1 0 0 0 0 0 0 1 0 0 0 0 1 0 0 1 0 0 0 0 1 1 0 1 0 0 0 0 0 0 0 0 0 0 0 0 0 0 0 0 0 0 0 0 0 0 0 0 0 0 0 0 0 0 0 0 0 0 0 1 0
rmdir/320 0 0 0 0 0 0 1 0 0 0 0 0 0 1 0 0 0 0 1 0 0 1 0 0 0 0 1 1 0 1 0 0 0 0 0 0 0 0 0 0 0 0 0 0 0 0 0 0 0 0 0 0 0 0 0 0 0 0 0 0 0 0 0 0 0 1 0
rmdir/451 1 1 0 1 1 1 1 1 1 1 1 1 0 0 1 1 1 1 1 0 0 1 1 1 0 1 1 1 1 1 0 0 1 0 1 1 0 1 1 1 0 1 1 1 1 0 1 1 1 1 0 0 0 0 0 1 0 0 0 0 0 0 0 0 1 1 1
rmdir/322 0 0 0 0 0 0 1 0 0 0 0 0 0 1 0 0 0 0 1 0 0 1 0 0 0 0 1 1 0 1 0 0 0 0 0 0 0 0 0 0 0 0 0 0 0 0 0 0 0 0 0 0 0 0 0 0 0 0 0 0 0 0 0 0 0 1 0
rmdir/303 0 0 0 0 0 0 1 0 0 0 0 0 0 1 0 0 0 0 1 0 0 1 0 0 0 0 1 1 0 1 0 0 0 0 0 0 0 0 0 0 0 0 0 0 0 0 0 0 0 0 0 0 0 0 0 0 0 0 0 0 0 0 0 0 0 1 0
rmdir/732 0 0 0 0 0 0 0 0 0 0 0 0 0 0 0 0 0 0 0 0 0 0 0 0 0 0 0 0 0 0 0 0 0 0 0 0 0 0 0 0 0 0 0 0 0 0 0 0 0 1 0 0 0 0 0 0 0 0 0 0 0 0 0 0 1 1 1
rmdir/730 1 1 0 1 1 1 1 1 1 1 1 1 0 0 1 1 1 1 1 0 0 1 1 1 0 1 1 1 1 1 0 0 1 0 1 1 0 1 1 1 0 1 1 1 1 0 1 1 1 1 0 0 0 0 0 1 0 0 0 0 0 0 0 0 1 1 1
rmdir/324 0 0 0 0 0 0 0 0 0 0 0 0 1 0 0 0 0 0 0 0 0 0 0 0 0 0 0 0 0 0 0 0 0 0 0 0 0 0 1 0 0 0 0 0 0 0 0 0 0 0 0 0 0 0 0 0 0 0 0 0 0 0 0 0 0 0 0
rmdir/326 0 0 0 0 0 0 0 0 0 0 0 0 1 0 0 0 0 0 0 0 0 0 0 0 0 0 0 0 0 0 0 0 0 0 0 0 0 0 1 0 0 0 0 0 0 0 0 0 0 0 0 0 0 0 0 0 0 0 0 0 0 0 0 0 0 0 0
rmdir/163 1 1 1 1 1 1 1 1 1 1 1 1 1 1 1 1 1 1 1 1 1 1 1 1 1 1 1 1 1 1 1 1 1 1 1 1 1 1 1 1 1 1 1 1 1 1 1 1 1 1 1 1 1 1 1 1 1 1 1 1 1 1 1 1 1 1 1
rmdir/160 1 1 1 1 1 1 1 1 1 1 1 1 1 1 1 1 1 1 1 1 1 1 1 1 1 1 1 1 1 1 1 1 1 1 1 1 1 1 1 1 1 1 1 1 1 1 1 1 1 1 1 1 1 1 1 1 1 1 1 1 1 1 1 1 1 1 1
rmdir/758 0 0 0 0 0 0 0 0 0 0 0 0 0 0 0 0 0 0 0 0 0 0 0 0 0 0 0 0 0 0 0 0 0 0 0 0 0 0 0 0 0 0 0 0 0 0 0 0 0 1 0 0 0 0 0 0 0 0 0 0 0 0 0 0 1 1 1
rmdir/499 1 1 0 1 1 1 1 1 1 1 1 1 0 0 1 1 1 1 1 0 0 1 1 1 0 1 1 1 1 1 0 0 1 0 1 1 0 1 1 1 0 1 1 1 1 0 1 1 1 1 0 0 0 0 0 1 0 0 0 0 0 0 0 0 1 1 1
rmdir/498 1 1 0 1 1 1 1 1 1 1 1 1 0 0 1 1 1 1 1 0 0 1 1 1 0 1 1 1 1 1 0 0 1 0 1 1 0 1 1 1 0 1 1 1 1 0 1 1 1 1 0 0 0 0 0 1 0 0 0 0 0 0 0 0 1 1 1
rmdir/497 1 1 0 1 1 1 1 1 1 1 1 1 0 0 1 1 1 1 1 0 0 1 1 1 0 1 1 1 1 1 0 0 1 0 1 1 0 1 1 1 0 1 1 1 1 0 1 1 1 1 0 0 0 0 0 1 0 0 0 0 0 0 0 0 1 1 1
rmdir/496 1 1 0 1 1 1 1 1 1 1 1 1 0 0 1 1 1 1 1 0 0 1 1 1 0 1 1 1 1 1 0 0 1 0 1 1 0 1 1 1 0 1 1 1 1 0 1 1 1 1 0 0 0 0 0 1 0 0 0 0 0 0 0 0 1 1 1
rmdir/495 0 0 0 0 0 0 0 0 0 0 0 0 0 0 0 0 0 0 0 0 0 0 0 0 0 0 0 0 0 0 0 0 0 0 0 0 0 0 1 0 0 0 0 0 0 0 0 0 0 0 0 0 0 0 0 0 0 0 0 0 0 0 0 0 0 0 0
rmdir/494 0 0 0 0 0 0 0 0 0 0 0 0 0 0 0 0 0 0 0 0 0 0 0 0 0 0 0 0 0 0 0 0 0 0 0 0 0 0 1 0 0 0 0 0 0 0 0 0 0 0 0 0 0 0 0 0 0 0 0 0 0 0 0 0 0 0 0
rmdir/493 0 0 0 0 0 0 0 0 0 0 0 0 0 0 0 0 0 0 0 0 0 0 0 0 0 0 0 0 0 0 0 0 0 0 0 0 0 0 1 0 0 0 0 0 0 0 0 0 0 0 0 0 0 0 0 0 0 0 0 0 0 0 0 0 0 0 0
rmdir/492 0 0 0 0 0 0 0 0 0 0 0 0 0 0 0 0 0 0 0 0 0 0 0 0 0 0 0 0 0 0 0 0 0 0 0 0 0 0 1 0 0 0 0 0 0 0 0 0 0 0 0 0 0 0 0 0 0 0 0 0 0 0 0 0 0 0 0
rmdir/491 1 1 0 1 1 1 1 1 1 1 1 1 0 0 1 1 1 1 1 0 0 1 1 1 0 1 1 1 1 1 0 0 1 0 1 1 0 1 1 1 0 1 1 1 1 0 1 1 1 1 0 0 0 0 0 1 0 0 0 0 0 0 0 0 1 1 1
rmdir/490 1 1 0 1 1 1 1 1 1 1 1 1 0 0 1 1 1 1 1 0 0 1 1 1 0 1 1 1 1 1 0 0 1 0 1 1 0 1 1 1 0 1 1 1 1 0 1 1 1 1 0 0 0 0 0 1 0 0 0 0 0 0 0 0 1 1 1
rmdir/50 0 0 1 0 0 0 0 0 0 0 0 0 1 1 0 0 0 0 0 1 1 0 0 0 0 0 0 0 0 0 0 1 0 1 0 0 1 0 0 0 1 0 0 0 0 1 0 0 0 0 0 0 0 0 0 0 0 0 0 0 0 0 0 1 0 0 0
rmdir/51 0 0 1 0 0 0 0 0 0 0 0 0 1 1 0 0 0 0 0 1 1 0 0 0 0 0 0 0 0 0 0 1 0 1 0 0 1 0 0 0 1 0 0 0 0 1 0 0 0 0 0 0 0 0 0 0 0 0 0 0 0 0 0 1 0 0 0
rmdir/52 0 0 1 0 0 0 0 0 0 0 0 0 1 1 0 0 0 0 0 1 1 0 0 0 0 0 0 0 0 0 0 1 0 1 0 0 1 0 0 0 1 0 0 0 0 1 0 0 0 0 0 0 0 0 0 0 0 0 0 0 0 0 0 1 0 0 0
rmdir/53 0 0 0 0 0 0 0 0 0 0 0 0 0 0 0 0 0 0 0 0 0 0 0 0 0 0 0 0 0 0 1 0 0 0 0 0 0 0 0 0 0 0 0 0 0 0 0 0 0 0 0 0 1 1 0 0 0 0 1 1 1 1 0 0 0 0 0
rmdir/54 0 0 0 0 0 0 0 0 0 0 0 0 0 0 0 0 0 0 0 0 0 0 0 0 0 0 0 0 0 0 1 0 0 0 0 0 0 0 0 0 0 0 0 0 0 0 0 0 0 0 0 0 1 1 0 0 0 0 1 1 1 1 0 0 0 0 0
rmdir/56 0 0 0 0 0 0 0 0 0 0 0 0 0 0 0 0 0 0 0 0 0 0 0 0 0 0 0 0 0 0 1 0 0 0 0 0 0 0 0 0 0 0 0 0 0 0 0 0 0 0 0 0 1 1 0 0 0 0 1 1 1 1 0 0 0 0 0
rmdir/57 0 0 0 0 0 0 0 0 0 0 0 0 0 0 0 0 0 0 0 0 0 0 0 0 0 0 0 0 0 0 1 0 0 0 0 0 0 0 0 0 0 0 0 0 0 0 0 0 0 0 0 0 1 1 0 0 0 0 1 1 1 1 0 0 0 0 0
rmdir/58 0 0 0 0 0 0 0 0 0 0 0 0 0 0 0 0 0 0 0 0 0 0 0 0 0 0 0 0 0 0 1 0 0 0 0 0 0 0 0 0 0 0 0 0 0 0 0 0 0 0 0 0 1 1 0 0 0 0 1 1 1 1 0 0 0 0 0
rmdir/59 0 0 0 0 0 0 0 0 0 0 0 0 0 0 0 0 0 0 0 0 0 0 0 0 0 0 0 0 0 0 1 0 0 0 0 0 0 0 0 0 0 0 0 0 0 0 0 0 0 0 0 0 1 1 0 0 0 0 1 1 1 1 0 0 0 0 0
rmdir/759 0 0 0 0 0 0 0 0 0 0 0 0 0 0 0 0 0 0 0 0 0 0 0 0 0 0 0 0 0 0 0 0 0 0 0 0 0 0 0 0 0 0 0 0 0 0 0 0 0 1 0 0 0 0 0 0 0 0 0 0 0 0 0 0 1 1 1
rmdir/549 0 1 0 1 1 1 1 1 1 1 1 1 0 0 1 1 1 1 1 0 0 1 1 1 0 1 1 1 1 1 0 0 1 0 1 1 0 1 1 1 0 1 1 1 1 0 1 1 1 0 0 0 0 0 0 0 0 0 0 0 0 0 0 0 1 0 0
rmdir/932 0 0 0 0 0 0 0 0 0 0 0 0 0 0 0 0 0 0 0 0 0 0 0 0 0 0 0 0 0 0 0 0 0 0 0 0 0 0 0 0 0 0 0 0 0 0 0 0 0 0 0 0 0 0 0 0 0 0 0 0 0 0 0 0 1 1 0
rmdir/546 0 1 0 1 1 1 1 1 1 1 1 1 0 0 1 1 1 1 1 0 0 1 1 1 0 1 1 1 1 1 0 0 1 0 1 1 0 1 1 1 0 1 1 1 1 0 1 1 1 0 0 0 0 0 0 0 0 0 0 0 0 0 0 0 1 0 0
rmdir/620 0 0 0 0 0 0 0 0 0 0 0 0 0 0 0 0 0 0 0 0 0 0 0 0 0 0 0 0 0 0 0 0 0 0 0 0 0 0 0 0 0 0 0 0 0 0 0 0 0 1 0 0 0 0 0 0 0 0 0 0 0 0 0 0 1 1 1
rmdir/919 0 0 0 0 0 0 0 0 0 0 0 0 0 0 0 0 0 0 0 0 0 0 0 0 0 0 0 0 0 0 0 0 0 0 0 0 0 0 0 0 0 0 0 0 0 0 0 0 0 0 0 0 0 0 0 0 0 0 0 0 0 0 0 0 1 1 0
rmdir/703 1 1 0 1 1 1 1 1 1 1 1 1 0 0 1 1 1 1 1 0 0 1 1 1 0 1 1 1 1 1 0 0 1 0 1 1 0 1 1 1 0 1 1 1 1 0 1 1 1 1 0 0 0 0 0 1 0 0 0 0 0 0 0 0 1 1 1
rmdir/702 1 1 0 1 1 1 1 1 1 1 1 1 0 0 1 1 1 1 1 0 0 1 1 1 0 1 1 1 1 1 0 0 1 0 1 1 0 1 1 1 0 1 1 1 1 0 1 1 1 1 0 0 0 0 0 1 0 0 0 0 0 0 0 0 1 1 1
rmdir/701 1 1 0 1 1 1 1 1 1 1 1 1 0 0 1 1 1 1 1 0 0 1 1 1 0 1 1 1 1 1 0 0 1 0 1 1 0 1 1 1 0 1 1 1 1 0 1 1 1 1 0 0 0 0 0 1 0 0 0 0 0 0 0 0 1 1 1
rmdir/918 0 0 0 0 0 0 0 0 0 0 0 0 0 0 0 0 0 0 0 0 0 0 0 0 0 0 0 0 0 0 0 0 0 0 0 0 0 0 0 0 0 0 0 0 0 0 0 0 0 0 0 0 0 0 0 0 0 0 0 0 0 0 0 0 1 1 0
rmdir/700 1 1 0 1 1 1 1 1 1 1 1 1 0 0 1 1 1 1 1 0 0 1 1 1 0 1 1 1 1 1 0 0 1 0 1 1 0 1 1 1 0 1 1 1 1 0 1 1 1 1 0 0 0 0 0 1 0 0 0 0 0 0 0 0 1 1 1
rmdir/707 1 1 0 1 1 1 1 1 1 1 1 1 0 0 1 1 1 1 1 0 0 1 1 1 0 1 1 1 1 1 0 0 1 0 1 1 0 1 1 1 0 1 1 1 1 0 1 1 1 1 0 0 0 0 0 1 0 0 0 0 0 0 0 0 1 1 1
rmdir/706 1 1 0 1 1 1 1 1 1 1 1 1 0 0 1 1 1 1 1 0 0 1 1 1 0 1 1 1 1 1 0 0 1 0 1 1 0 1 1 1 0 1 1 1 1 0 1 1 1 1 0 0 0 0 0 1 0 0 0 0 0 0 0 0 1 1 1
rmdir/705 1 1 0 1 1 1 1 1 1 1 1 1 0 0 1 1 1 1 1 0 0 1 1 1 0 1 1 1 1 1 0 0 1 0 1 1 0 1 1 1 0 1 1 1 1 0 1 1 1 1 0 0 0 0 0 1 0 0 0 0 0 0 0 0 1 1 1
rmdir/2 0 0 1 0 0 0 0 0 0 0 0 0 1 1 0 0 0 0 0 1 1 0 0 0 0 0 0 0 0 0 1 1 0 1 0 0 1 0 0 0 1 0 0 0 0 1 0 0 0 0 0 0 1 1 0 0 0 0 1 1 1 1 0 1 0 0 0
rmdir/3 0 0 1 0 0 0 0 0 0 0 0 0 1 1 0 0 0 0 0 1 1 0 0 0 0 0 0 0 0 0 1 1 0 1 0 0 1 0 0 0 1 0 0 0 0 1 0 0 0 0 0 0 1 1 0 0 0 0 1 1 1 1 0 1 0 0 0
rmdir/1 0 0 1 0 0 0 0 0 0 0 0 0 1 1 0 0 0 0 0 1 1 0 0 0 0 0 0 0 0 0 1 1 0 1 0 0 1 0 0 0 1 0 0 0 0 1 0 0 0 0 0 0 1 1 0 0 0 0 1 1 1 1 0 1 0 0 0
rmdir/262 0 0 1 0 0 0 1 0 0 1 0 0 1 1 0 0 1 0 1 1 1 1 0 0 1 0 1 1 1 1 1 1 0 0 1 0 1 0 1 0 1 0 0 0 0 1 0 0 0 1 1 1 1 1 1 0 1 1 1 1 1 1 1 1 1 1 1
rmdir/295 0 0 1 0 0 0 0 0 0 1 0 0 0 0 0 0 1 0 0 0 0 0 0 0 0 0 0 0 1 0 0 0 0 0 1 0 0 0 0 0 0 0 0 0 0 1 0 0 0 1 0 0 0 0 0 0 0 0 0 0 0 0 0 0 1 1 1
rmdir/294 0 0 1 0 0 0 0 0 0 1 0 0 0 0 0 0 1 0 0 0 0 0 0 0 0 0 0 0 1 0 0 0 0 0 1 0 0 0 0 0 0 0 0 0 0 1 0 0 0 1 0 0 0 0 0 0 0 0 0 0 0 0 0 0 1 1 1
rmdir/297 0 0 0 0 0 0 1 0 0 0 0 0 0 1 0 0 0 0 1 0 0 1 0 0 0 0 1 1 0 1 0 0 0 0 0 0 0 0 0 0 0 0 0 0 0 0 0 0 0 0 0 0 0 0 0 0 0 0 0 0 0 0 0 0 0 1 0
rmdir/263 0 0 1 0 0 0 1 0 0 1 0 0 1 1 0 0 1 0 1 1 1 1 0 0 1 0 1 1 1 1 1 1 0 0 1 0 1 0 1 0 1 0 0 0 0 1 0 0 0 1 1 1 1 1 1 0 1 1 1 1 1 1 1 1 1 1 1
rmdir/293 0 0 1 0 0 0 0 0 0 1 0 0 0 0 0 0 1 0 0 0 0 0 0 0 0 0 0 0 1 0 0 0 0 0 1 0 0 0 0 0 0 0 0 0 0 1 0 0 0 1 0 0 0 0 0 0 0 0 0 0 0 0 0 0 1 1 1
rmdir/292 0 0 1 0 0 0 0 0 0 1 0 0 0 0 0 0 1 0 0 0 0 0 0 0 0 0 0 0 1 0 0 0 0 0 1 0 0 0 0 0 0 0 0 0 0 1 0 0 0 1 0 0 0 0 0 0 0 0 0 0 0 0 0 0 1 1 1
rmdir/848 0 0 0 0 0 0 0 0 0 0 0 0 0 0 0 0 0 0 0 0 0 0 0 0 0 0 0 0 0 0 0 0 0 0 0 0 0 0 0 0 0 0 0 0 0 0 0 0 0 0 0 0 0 0 0 0 0 0 0 0 0 0 0 0 1 1 0
rmdir/268 0 0 1 0 0 0 1 0 0 1 0 0 1 1 0 0 1 0 1 1 1 1 0 0 1 0 1 1 1 1 1 1 0 0 1 0 1 0 1 0 1 0 0 0 0 1 0 0 0 1 1 1 1 1 1 0 1 1 1 1 1 1 1 1 1 1 1
rmdir/269 0 0 1 0 0 0 0 0 0 1 0 0 0 0 0 0 1 0 0 0 0 0 0 0 0 0 0 0 1 0 0 0 0 0 1 0 0 0 0 0 0 0 0 0 0 1 0 0 0 1 0 0 0 0 0 0 0 0 0 0 0 0 0 0 1 1 1
rmdir/347 0 0 0 0 0 0 0 0 0 0 0 0 1 0 0 0 0 0 0 0 0 0 0 0 0 0 0 0 0 0 0 0 0 0 0 0 0 0 1 0 0 0 0 0 0 0 0 0 0 0 0 0 0 0 0 0 0 0 0 0 0 0 0 0 0 0 0
rmdir/346 0 0 0 0 0 0 0 0 0 0 0 0 1 0 0 0 0 0 0 0 0 0 0 0 0 0 0 0 0 0 0 0 0 0 0 0 0 0 1 0 0 0 0 0 0 0 0 0 0 0 0 0 0 0 0 0 0 0 0 0 0 0 0 0 0 0 0
rmdir/260 0 0 1 0 0 0 1 0 0 1 0 0 1 1 0 0 1 0 1 1 1 1 0 0 1 0 1 1 1 1 1 1 0 0 1 0 1 0 1 0 1 0 0 0 0 1 0 0 0 1 1 1 1 1 1 0 1 1 1 1 1 1 1 1 1 1 1
rmdir/261 0 0 1 0 0 0 1 0 0 1 0 0 1 1 0 0 1 0 1 1 1 1 0 0 1 0 1 1 1 1 1 1 0 0 1 0 1 0 1 0 1 0 0 0 0 1 0 0 0 1 1 1 1 1 1 0 1 1 1 1 1 1 1 1 1 1 1
rmdir/349 0 0 0 0 0 0 0 0 0 0 0 0 1 0 0 0 0 0 0 0 0 0 0 0 0 0 0 0 0 0 0 0 0 0 0 0 0 0 1 0 0 0 0 0 0 0 0 0 0 0 0 0 0 0 0 0 0 0 0 0 0 0 0 0 0 0 0
rmdir/348 0 0 0 0 0 0 0 0 0 0 0 0 1 0 0 0 0 0 0 0 0 0 0 0 0 0 0 0 0 0 0 0 0 0 0 0 0 0 1 0 0 0 0 0 0 0 0 0 0 0 0 0 0 0 0 0 0 0 0 0 0 0 0 0 0 0 0
rmdir/264 0 0 1 0 0 0 1 0 0 1 0 0 1 1 0 0 1 0 1 1 1 1 0 0 1 0 1 1 1 1 1 1 0 0 1 0 1 0 1 0 1 0 0 0 0 1 0 0 0 1 1 1 1 1 1 0 1 1 1 1 1 1 1 1 1 1 1
rmdir/265 0 0 1 0 0 0 1 0 0 1 0 0 1 1 0 0 1 0 1 1 1 1 0 0 1 0 1 1 1 1 1 1 0 0 1 0 1 0 1 0 1 0 0 0 0 1 0 0 0 1 1 1 1 1 1 0 1 1 1 1 1 1 1 1 1 1 1
rmdir/266 0 0 1 0 0 0 1 0 0 1 0 0 1 1 0 0 1 0 1 1 1 1 0 0 1 0 1 1 1 1 1 1 0 0 1 0 1 0 1 0 1 0 0 0 0 1 0 0 0 1 1 1 1 1 1 0 1 1 1 1 1 1 1 1 1 1 1
rmdir/267 0 0 1 0 0 0 1 0 0 1 0 0 1 1 0 0 1 0 1 1 1 1 0 0 1 0 1 1 1 1 1 1 0 0 1 0 1 0 1 0 1 0 0 0 0 1 0 0 0 1 1 1 1 1 1 0 1 1 1 1 1 1 1 1 1 1 1
rmdir/512 1 1 0 1 1 1 1 1 1 1 1 1 0 0 1 1 1 1 1 0 0 1 1 1 0 1 1 1 1 1 0 0 1 0 1 1 0 1 1 1 0 1 1 1 1 0 1 1 1 1 0 0 0 0 0 1 0 0 0 0 0 0 0 0 1 1 1
rmdir/513 1 1 0 1 1 1 1 1 1 1 1 1 0 0 1 1 1 1 1 0 0 1 1 1 0 1 1 1 1 1 0 0 1 0 1 1 0 1 1 1 0 1 1 1 1 0 1 1 1 1 0 0 0 0 0 1 0 0 0 0 0 0 0 0 1 1 1
rmdir/510 1 1 0 1 1 1 1 1 1 1 1 1 0 0 1 1 1 1 1 0 0 1 1 1 0 1 1 1 1 1 0 0 1 0 1 1 0 1 1 1 0 1 1 1 1 0 1 1 1 1 0 0 0 0 0 1 0 0 0 0 0 0 0 0 1 1 1
rmdir/511 1 1 0 1 1 1 1 1 1 1 1 1 0 0 1 1 1 1 1 0 0 1 1 1 0 1 1 1 1 1 0 0 1 0 1 1 0 1 1 1 0 1 1 1 1 0 1 1 1 1 0 0 0 0 0 1 0 0 0 0 0 0 0 0 1 1 1
rmdir/516 1 1 0 1 1 1 1 1 1 1 1 1 0 0 1 1 1 1 1 0 0 1 1 1 0 1 1 1 1 1 0 0 1 0 1 1 0 1 1 1 0 1 1 1 1 0 1 1 1 1 0 0 0 0 0 1 0 0 0 0 0 0 0 0 1 1 1
rmdir/517 1 1 0 1 1 1 1 1 1 1 1 1 0 0 1 1 1 1 1 0 0 1 1 1 0 1 1 1 1 1 0 0 1 0 1 1 0 1 1 1 0 1 1 1 1 0 1 1 1 1 0 0 0 0 0 1 0 0 0 0 0 0 0 0 1 1 1
rmdir/514 1 1 0 1 1 1 1 1 1 1 1 1 0 0 1 1 1 1 1 0 0 1 1 1 0 1 1 1 1 1 0 0 1 0 1 1 0 1 1 1 0 1 1 1 1 0 1 1 1 1 0 0 0 0 0 1 0 0 0 0 0 0 0 0 1 1 1
rmdir/515 1 1 0 1 1 1 1 1 1 1 1 1 0 0 1 1 1 1 1 0 0 1 1 1 0 1 1 1 1 1 0 0 1 0 1 1 0 1 1 1 0 1 1 1 1 0 1 1 1 1 0 0 0 0 0 1 0 0 0 0 0 0 0 0 1 1 1
rmdir/518 1 1 0 1 1 1 1 1 1 1 1 1 0 0 1 1 1 1 1 0 0 1 1 1 0 1 1 1 1 1 0 0 1 0 1 1 0 1 1 1 0 1 1 1 1 0 1 1 1 1 0 0 0 0 0 1 0 0 0 0 0 0 0 0 1 1 1
rmdir/519 1 1 0 1 1 1 1 1 1 1 1 1 0 0 1 1 1 1 1 0 0 1 1 1 0 1 1 1 1 1 0 0 1 0 1 1 0 1 1 1 0 1 1 1 1 0 1 1 1 1 0 0 0 0 0 1 0 0 0 0 0 0 0 0 1 1 1
rmdir/903 0 0 0 0 0 0 0 0 0 0 0 0 0 0 0 0 0 0 0 0 0 0 0 0 0 0 0 0 0 0 0 0 0 0 0 0 0 0 0 0 0 0 0 0 0 0 0 0 0 0 0 0 0 0 0 0 0 0 0 0 0 0 0 0 1 1 0
rmdir/862 0 0 0 0 0 0 0 0 0 0 0 0 0 0 0 0 0 0 0 0 0 0 0 0 0 0 0 0 0 0 0 0 0 0 0 0 0 0 0 0 0 0 0 0 0 0 0 0 0 0 0 0 0 0 0 0 0 0 0 0 0 0 0 0 1 1 0
rmdir/863 0 0 0 0 0 0 0 0 0 0 0 0 0 0 0 0 0 0 0 0 0 0 0 0 0 0 0 0 0 0 0 0 0 0 0 0 0 0 0 0 0 0 0 0 0 0 0 0 0 0 0 0 0 0 0 0 0 0 0 0 0 0 0 0 1 1 0
rmdir/866 0 0 0 0 0 0 0 0 0 0 0 0 0 0 0 0 0 0 0 0 0 0 0 0 0 0 0 0 0 0 0 0 0 0 0 0 0 0 0 0 0 0 0 0 0 0 0 0 0 0 0 0 0 0 0 0 0 0 0 0 0 0 0 0 1 1 0
rmdir/867 0 0 0 0 0 0 0 0 0 0 0 0 0 0 0 0 0 0 0 0 0 0 0 0 0 0 0 0 0 0 0 0 0 0 0 0 0 0 0 0 0 0 0 0 0 0 0 0 0 0 0 0 0 0 0 0 0 0 0 0 0 0 0 0 1 1 0
rmdir/864 0 0 0 0 0 0 0 0 0 0 0 0 0 0 0 0 0 0 0 0 0 0 0 0 0 0 0 0 0 0 0 0 0 0 0 0 0 0 0 0 0 0 0 0 0 0 0 0 0 0 0 0 0 0 0 0 0 0 0 0 0 0 0 0 1 1 0
rmdir/865 0 0 0 0 0 0 0 0 0 0 0 0 0 0 0 0 0 0 0 0 0 0 0 0 0 0 0 0 0 0 0 0 0 0 0 0 0 0 0 0 0 0 0 0 0 0 0 0 0 0 0 0 0 0 0 0 0 0 0 0 0 0 0 0 1 1 0
rmdir/868 0 0 0 0 0 0 0 0 0 0 0 0 0 0 0 0 0 0 0 0 0 0 0 0 0 0 0 0 0 0 0 0 0 0 0 0 0 0 0 0 0 0 0 0 0 0 0 0 0 0 0 0 0 0 0 0 0 0 0 0 0 0 0 0 1 1 0
rmdir/869 0 0 0 0 0 0 0 0 0 0 0 0 0 0 0 0 0 0 0 0 0 0 0 0 0 0 0 0 0 0 0 0 0 0 0 0 0 0 0 0 0 0 0 0 0 0 0 0 0 0 0 0 0 0 0 0 0 0 0 0 0 0 0 0 1 1 0
rmdir/924 0 0 0 0 0 0 0 0 0 0 0 0 0 0 0 0 0 0 0 0 0 0 0 0 0 0 0 0 0 0 0 0 0 0 0 0 0 0 0 0 0 0 0 0 0 0 0 0 0 0 0 0 0 0 0 0 0 0 0 0 0 0 0 0 1 1 0
rmdir/199 1 1 1 1 1 1 1 1 1 1 1 1 1 1 1 1 1 1 1 1 1 1 1 1 1 1 1 1 1 1 1 1 1 1 1 1 1 1 1 1 1 1 1 1 1 1 1 1 1 1 1 1 1 1 1 1 1 1 1 1 1 1 1 1 1 1 1
rmdir/196 1 1 1 1 1 1 1 1 1 1 1 1 1 1 1 1 1 1 1 1 1 1 1 1 1 1 1 1 1 1 1 1 1 1 1 1 1 1 1 1 1 1 1 1 1 1 1 1 1 1 1 1 1 1 1 1 1 1 1 1 1 1 1 1 1 1 1
rmdir/197 1 1 1 1 1 1 1 1 1 1 1 1 1 1 1 1 1 1 1 1 1 1 1 1 1 1 1 1 1 1 1 1 1 1 1 1 1 1 1 1 1 1 1 1 1 1 1 1 1 1 1 1 1 1 1 1 1 1 1 1 1 1 1 1 1 1 1
rmdir/194 1 1 1 1 1 1 1 1 1 1 1 1 1 1 1 1 1 1 1 1 1 1 1 1 1 1 1 1 1 1 1 1 1 1 1 1 1 1 1 1 1 1 1 1 1 1 1 1 1 1 1 1 1 1 1 1 1 1 1 1 1 1 1 1 1 1 1
rmdir/192 1 1 1 1 1 1 1 1 1 1 1 1 1 1 1 1 1 1 1 1 1 1 1 1 1 1 1 1 1 1 1 1 1 1 1 1 1 1 1 1 1 1 1 1 1 1 1 1 1 1 1 1 1 1 1 1 1 1 1 1 1 1 1 1 1 1 1
rmdir/193 1 1 1 1 1 1 1 1 1 1 1 1 1 1 1 1 1 1 1 1 1 1 1 1 1 1 1 1 1 1 1 1 1 1 1 1 1 1 1 1 1 1 1 1 1 1 1 1 1 1 1 1 1 1 1 1 1 1 1 1 1 1 1 1 1 1 1
rmdir/190 1 1 1 1 1 1 1 1 1 1 1 1 1 1 1 1 1 1 1 1 1 1 1 1 1 1 1 1 1 1 1 1 1 1 1 1 1 1 1 1 1 1 1 1 1 1 1 1 1 1 1 1 1 1 1 1 1 1 1 1 1 1 1 1 1 1 1
rmdir/191 1 1 1 1 1 1 1 1 1 1 1 1 1 1 1 1 1 1 1 1 1 1 1 1 1 1 1 1 1 1 1 1 1 1 1 1 1 1 1 1 1 1 1 1 1 1 1 1 1 1 1 1 1 1 1 1 1 1 1 1 1 1 1 1 1 1 1
rmdir/911 0 0 0 0 0 0 0 0 0 0 0 0 0 0 0 0 0 0 0 0 0 0 0 0 0 0 0 0 0 0 0 0 0 0 0 0 0 0 0 0 0 0 0 0 0 0 0 0 0 0 0 0 0 0 0 0 0 0 0 0 0 0 0 0 1 1 0
rmdir/468 1 1 0 1 1 1 1 1 1 1 1 1 0 0 1 1 1 1 1 0 0 1 1 1 0 1 1 1 1 1 0 0 1 0 1 1 0 1 1 1 0 1 1 1 1 0 1 1 1 1 0 0 0 0 0 1 0 0 0 0 0 0 0 0 1 1 1
rmdir/469 1 1 0 1 1 1 1 1 1 1 1 1 0 0 1 1 1 1 1 0 0 1 1 1 0 1 1 1 1 1 0 0 1 0 1 1 0 1 1 1 0 1 1 1 1 0 1 1 1 1 0 0 0 0 0 1 0 0 0 0 0 0 0 0 1 1 1
rmdir/466 1 1 0 1 1 1 1 1 1 1 1 1 0 0 1 1 1 1 1 0 0 1 1 1 0 1 1 1 1 1 0 0 1 0 1 1 0 1 1 1 0 1 1 1 1 0 1 1 1 1 0 0 0 0 0 1 0 0 0 0 0 0 0 0 1 1 1
rmdir/467 1 1 0 1 1 1 1 1 1 1 1 1 0 0 1 1 1 1 1 0 0 1 1 1 0 1 1 1 1 1 0 0 1 0 1 1 0 1 1 1 0 1 1 1 1 0 1 1 1 1 0 0 0 0 0 1 0 0 0 0 0 0 0 0 1 1 1
rmdir/464 1 1 0 1 1 1 1 1 1 1 1 1 0 0 1 1 1 1 1 0 0 1 1 1 0 1 1 1 1 1 0 0 1 0 1 1 0 1 1 1 0 1 1 1 1 0 1 1 1 1 0 0 0 0 0 1 0 0 0 0 0 0 0 0 1 1 1
rmdir/465 1 1 0 1 1 1 1 1 1 1 1 1 0 0 1 1 1 1 1 0 0 1 1 1 0 1 1 1 1 1 0 0 1 0 1 1 0 1 1 1 0 1 1 1 1 0 1 1 1 1 0 0 0 0 0 1 0 0 0 0 0 0 0 0 1 1 1
rmdir/462 1 1 0 1 1 1 1 1 1 1 1 1 0 0 1 1 1 1 1 0 0 1 1 1 0 1 1 1 1 1 0 0 1 0 1 1 0 1 1 1 0 1 1 1 1 0 1 1 1 1 0 0 0 0 0 1 0 0 0 0 0 0 0 0 1 1 1
rmdir/463 1 1 0 1 1 1 1 1 1 1 1 1 0 0 1 1 1 1 1 0 0 1 1 1 0 1 1 1 1 1 0 0 1 0 1 1 0 1 1 1 0 1 1 1 1 0 1 1 1 1 0 0 0 0 0 1 0 0 0 0 0 0 0 0 1 1 1
rmdir/460 1 1 0 1 1 1 1 1 1 1 1 1 0 0 1 1 1 1 1 0 0 1 1 1 0 1 1 1 1 1 0 0 1 0 1 1 0 1 1 1 0 1 1 1 1 0 1 1 1 1 0 0 0 0 0 1 0 0 0 0 0 0 0 0 1 1 1
rmdir/461 1 1 0 1 1 1 1 1 1 1 1 1 0 0 1 1 1 1 1 0 0 1 1 1 0 1 1 1 1 1 0 0 1 0 1 1 0 1 1 1 0 1 1 1 1 0 1 1 1 1 0 0 0 0 0 1 0 0 0 0 0 0 0 0 1 1 1
rmdir/909 0 0 0 0 0 0 0 0 0 0 0 0 0 0 0 0 0 0 0 0 0 0 0 0 0 0 0 0 0 0 0 0 0 0 0 0 0 0 0 0 0 0 0 0 0 0 0 0 0 0 0 0 0 0 0 0 0 0 0 0 0 0 0 0 1 1 0
rmdir/908 0 0 0 0 0 0 0 0 0 0 0 0 0 0 0 0 0 0 0 0 0 0 0 0 0 0 0 0 0 0 0 0 0 0 0 0 0 0 0 0 0 0 0 0 0 0 0 0 0 0 0 0 0 0 0 0 0 0 0 0 0 0 0 0 1 1 0
rmdir/682 1 1 0 1 1 1 1 1 1 1 1 1 0 0 1 1 1 1 1 0 0 1 1 1 0 1 1 1 1 1 0 0 1 0 1 1 0 1 1 1 0 1 1 1 1 0 1 1 1 1 0 0 0 0 0 1 0 0 0 0 0 0 0 0 1 1 1
rmdir/683 1 1 0 1 1 1 1 1 1 1 1 1 0 0 1 1 1 1 1 0 0 1 1 1 0 1 1 1 1 1 0 0 1 0 1 1 0 1 1 1 0 1 1 1 1 0 1 1 1 1 0 0 0 0 0 1 0 0 0 0 0 0 0 0 1 1 1
rmdir/85 1 1 1 1 1 1 1 1 1 1 1 1 1 1 1 1 1 1 1 1 1 1 1 1 1 1 1 1 1 1 1 1 1 1 1 1 1 1 1 1 1 1 1 1 1 1 1 1 1 1 1 1 1 1 1 1 1 1 1 1 1 1 1 1 1 1 1
rmdir/681 1 1 0 1 1 1 1 1 1 1 1 1 0 0 1 1 1 1 1 0 0 1 1 1 0 1 1 1 1 1 0 0 1 0 1 1 0 1 1 1 0 1 1 1 1 0 1 1 1 1 0 0 0 0 0 1 0 0 0 0 0 0 0 0 1 1 1
rmdir/686 1 1 0 1 1 1 1 1 1 1 1 1 0 0 1 1 1 1 1 0 0 1 1 1 0 1 1 1 1 1 0 0 1 0 1 1 0 1 1 1 0 1 1 1 1 0 1 1 1 1 0 0 0 0 0 1 0 0 0 0 0 0 0 0 1 1 1
rmdir/687 1 1 0 1 1 1 1 1 1 1 1 1 0 0 1 1 1 1 1 0 0 1 1 1 0 1 1 1 1 1 0 0 1 0 1 1 0 1 1 1 0 1 1 1 1 0 1 1 1 1 0 0 0 0 0 1 0 0 0 0 0 0 0 0 1 1 1
rmdir/684 1 1 0 1 1 1 1 1 1 1 1 1 0 0 1 1 1 1 1 0 0 1 1 1 0 1 1 1 1 1 0 0 1 0 1 1 0 1 1 1 0 1 1 1 1 0 1 1 1 1 0 0 0 0 0 1 0 0 0 0 0 0 0 0 1 1 1
rmdir/685 1 1 0 1 1 1 1 1 1 1 1 1 0 0 1 1 1 1 1 0 0 1 1 1 0 1 1 1 1 1 0 0 1 0 1 1 0 1 1 1 0 1 1 1 1 0 1 1 1 1 0 0 0 0 0 1 0 0 0 0 0 0 0 0 1 1 1
rmdir/688 1 1 0 1 1 1 1 1 1 1 1 1 0 0 1 1 1 1 1 0 0 1 1 1 0 1 1 1 1 1 0 0 1 0 1 1 0 1 1 1 0 1 1 1 1 0 1 1 1 1 0 0 0 0 0 1 0 0 0 0 0 0 0 0 1 1 1
rmdir/120 1 1 1 1 1 1 1 1 1 1 1 1 1 1 1 1 1 1 1 1 1 1 1 1 1 1 1 1 1 1 1 1 1 1 1 1 1 1 1 1 1 1 1 1 1 1 1 1 1 1 1 1 1 1 1 1 1 1 1 1 1 1 1 1 1 1 1
rmdir/907 0 0 0 0 0 0 0 0 0 0 0 0 0 0 0 0 0 0 0 0 0 0 0 0 0 0 0 0 0 0 0 0 0 0 0 0 0 0 0 0 0 0 0 0 0 0 0 0 0 0 0 0 0 0 0 0 0 0 0 0 0 0 0 0 1 1 0
rmdir/125 1 1 1 1 1 1 1 1 1 1 1 1 1 1 1 1 1 1 1 1 1 1 1 1 1 1 1 1 1 1 1 1 1 1 1 1 1 1 1 1 1 1 1 1 1 1 1 1 1 1 1 1 1 1 1 1 1 1 1 1 1 1 1 1 1 1 1
rmdir/906 0 0 0 0 0 0 0 0 0 0 0 0 0 0 0 0 0 0 0 0 0 0 0 0 0 0 0 0 0 0 0 0 0 0 0 0 0 0 0 0 0 0 0 0 0 0 0 0 0 0 0 0 0 0 0 0 0 0 0 0 0 0 0 0 1 1 0
rmdir/704 1 1 0 1 1 1 1 1 1 1 1 1 0 0 1 1 1 1 1 0 0 1 1 1 0 1 1 1 1 1 0 0 1 0 1 1 0 1 1 1 0 1 1 1 1 0 1 1 1 1 0 0 0 0 0 1 0 0 0 0 0 0 0 0 1 1 1
rmdir/296 0 0 0 0 0 0 1 0 0 0 0 0 0 1 0 0 0 0 1 0 0 1 0 0 0 0 1 1 0 1 0 0 0 0 0 0 0 0 0 0 0 0 0 0 0 0 0 0 0 0 0 0 0 0 0 0 0 0 0 0 0 0 0 0 0 1 0
rmdir/422 1 1 1 1 1 1 1 1 1 1 1 1 1 1 1 1 1 1 1 0 0 1 1 1 0 1 1 1 1 1 0 0 1 1 1 1 0 1 1 1 0 1 1 1 1 1 1 1 1 1 0 0 0 0 0 1 0 0 0 0 0 0 0 0 1 1 1
rmdir/423 0 0 1 0 0 0 0 0 0 0 0 0 1 1 0 0 0 0 0 0 0 0 0 0 0 0 0 0 0 0 0 0 0 1 0 0 0 0 0 0 0 0 0 0 0 1 0 0 0 0 0 0 0 0 0 0 0 0 0 0 0 0 0 0 0 0 0
rmdir/420 1 1 1 1 1 1 1 1 1 1 1 1 1 1 1 1 1 1 1 0 0 1 1 1 0 1 1 1 1 1 0 0 1 1 1 1 0 1 1 1 0 1 1 1 1 1 1 1 1 1 0 0 0 0 0 1 0 0 0 0 0 0 0 0 1 1 1
rmdir/421 1 1 1 1 1 1 1 1 1 1 1 1 1 1 1 1 1 1 1 0 0 1 1 1 0 1 1 1 1 1 0 0 1 1 1 1 0 1 1 1 0 1 1 1 1 1 1 1 1 1 0 0 0 0 0 1 0 0 0 0 0 0 0 0 1 1 1
rmdir/426 0 0 1 0 0 0 0 0 0 0 0 0 1 1 0 0 0 0 0 0 0 0 0 0 0 0 0 0 0 0 0 0 0 1 0 0 0 0 0 0 0 0 0 0 0 1 0 0 0 0 0 0 0 0 0 0 0 0 0 0 0 0 0 0 0 0 0
rmdir/427 1 1 0 1 1 1 1 1 1 1 1 1 0 0 1 1 1 1 1 0 0 1 1 1 0 1 1 1 1 1 0 0 1 0 1 1 0 1 1 1 0 1 1 1 1 0 1 1 1 1 0 0 0 0 0 1 0 0 0 0 0 0 0 0 1 1 1
rmdir/224 1 1 1 1 1 1 1 1 1 1 1 1 1 1 1 1 1 1 1 1 1 1 1 1 1 1 1 1 1 1 1 1 1 1 1 1 1 1 1 1 1 1 1 1 1 1 1 1 1 1 1 1 1 1 1 1 1 1 1 1 1 1 1 1 1 1 1
rmdir/226 1 1 1 1 1 1 1 1 1 1 1 1 1 1 1 1 1 1 1 1 1 1 1 1 1 1 1 1 1 1 1 1 1 1 1 1 1 1 1 1 1 1 1 1 1 1 1 1 1 1 1 1 1 1 1 1 1 1 1 1 1 1 1 1 1 1 1
rmdir/424 0 0 1 0 0 0 0 0 0 0 0 0 1 1 0 0 0 0 0 0 0 0 0 0 0 0 0 0 0 0 0 0 0 1 0 0 0 0 0 0 0 0 0 0 0 1 0 0 0 0 0 0 0 0 0 0 0 0 0 0 0 0 0 0 0 0 0
rmdir/425 0 0 1 0 0 0 0 0 0 0 0 0 1 1 0 0 0 0 0 0 0 0 0 0 0 0 0 0 0 0 0 0 0 1 0 0 0 0 0 0 0 0 0 0 0 1 0 0 0 0 0 0 0 0 0 0 0 0 0 0 0 0 0 0 0 0 0
rmdir/783 0 0 0 0 0 0 0 0 0 0 0 0 0 0 0 0 0 0 0 0 0 0 0 0 0 0 0 0 0 0 0 0 0 0 0 0 0 0 0 0 0 0 0 0 0 0 0 0 0 0 0 0 0 0 0 0 0 0 0 0 0 0 0 0 1 1 0
rmdir/782 0 0 0 0 0 0 0 0 0 0 0 0 0 0 0 0 0 0 0 0 0 0 0 0 0 0 0 0 0 0 0 0 0 0 0 0 0 0 0 0 0 0 0 0 0 0 0 0 0 0 0 0 0 0 0 0 0 0 0 0 0 0 0 0 1 1 0
rmdir/781 0 0 0 0 0 0 0 0 0 0 0 0 0 0 0 0 0 0 0 0 0 0 0 0 0 0 0 0 0 0 0 0 0 0 0 0 0 0 0 0 0 0 0 0 0 0 0 0 0 0 0 0 0 0 0 0 0 0 0 0 0 0 0 0 1 1 0
rmdir/417 1 1 1 1 1 1 1 1 1 1 1 1 1 1 1 1 1 1 1 0 0 1 1 1 0 1 1 1 1 1 0 0 1 1 1 1 0 1 1 1 0 1 1 1 1 1 1 1 1 1 0 0 0 0 0 1 0 0 0 0 0 0 0 0 1 1 1
rmdir/416 1 1 1 1 1 1 1 1 1 1 1 1 1 1 1 1 1 1 1 0 0 1 1 1 0 1 1 1 1 1 0 0 1 1 1 1 0 1 1 1 0 1 1 1 1 1 1 1 1 1 0 0 0 0 0 1 0 0 0 0 0 0 0 0 1 1 1
rmdir/415 1 1 1 1 1 1 1 1 1 1 1 1 1 1 1 1 1 1 1 0 0 1 1 1 0 1 1 1 1 1 0 0 1 1 1 1 0 1 1 1 0 1 1 1 1 1 1 1 1 1 0 0 0 0 0 1 0 0 0 0 0 0 0 0 1 1 1
rmdir/414 1 1 1 1 1 1 1 1 1 1 1 1 1 1 1 1 1 1 1 0 0 1 1 1 0 1 1 1 1 1 0 0 1 1 1 1 0 1 1 1 0 1 1 1 1 1 1 1 1 1 0 0 0 0 0 1 0 0 0 0 0 0 0 0 1 1 1
rmdir/413 1 1 1 1 1 1 1 1 1 1 1 1 1 1 1 1 1 1 1 0 0 1 1 1 0 1 1 1 1 1 0 0 1 1 1 1 0 1 1 1 0 1 1 1 1 1 1 1 1 1 0 0 0 0 0 1 0 0 0 0 0 0 0 0 1 1 1
rmdir/412 1 1 1 1 1 1 1 1 1 1 1 1 1 1 1 1 1 1 1 0 0 1 1 1 0 1 1 1 1 1 0 0 1 1 1 1 0 1 1 1 0 1 1 1 1 1 1 1 1 1 0 0 0 0 0 1 0 0 0 0 0 0 0 0 1 1 1
rmdir/411 1 1 1 1 1 1 1 1 1 1 1 1 1 1 1 1 1 1 1 0 0 1 1 1 0 1 1 1 1 1 0 0 1 1 1 1 0 1 1 1 0 1 1 1 1 1 1 1 1 1 0 0 0 0 0 1 0 0 0 0 0 0 0 0 1 1 1
rmdir/410 1 1 1 1 1 1 1 1 1 1 1 1 1 1 1 1 1 1 1 0 0 1 1 1 0 1 1 1 1 1 0 0 1 1 1 1 0 1 1 1 0 1 1 1 1 1 1 1 1 1 0 0 0 0 0 1 0 0 0 0 0 0 0 0 1 1 1
rmdir/794 0 0 0 0 0 0 0 0 0 0 0 0 0 0 0 0 0 0 0 0 0 0 0 0 0 0 0 0 0 0 0 0 0 0 0 0 0 0 0 0 0 0 0 0 0 0 0 0 0 0 0 0 0 0 0 0 0 0 0 0 0 0 0 0 1 1 0
rmdir/795 0 0 0 0 0 0 0 0 0 0 0 0 0 0 0 0 0 0 0 0 0 0 0 0 0 0 0 0 0 0 0 0 0 0 0 0 0 0 0 0 0 0 0 0 0 0 0 0 0 0 0 0 0 0 0 0 0 0 0 0 0 0 0 0 1 1 0
rmdir/796 0 0 0 0 0 0 0 0 0 0 0 0 0 0 0 0 0 0 0 0 0 0 0 0 0 0 0 0 0 0 0 0 0 0 0 0 0 0 0 0 0 0 0 0 0 0 0 0 0 0 0 0 0 0 0 0 0 0 0 0 0 0 0 0 1 1 0
rmdir/797 0 0 0 0 0 0 0 0 0 0 0 0 0 0 0 0 0 0 0 0 0 0 0 0 0 0 0 0 0 0 0 0 0 0 0 0 0 0 0 0 0 0 0 0 0 0 0 0 0 0 0 0 0 0 0 0 0 0 0 0 0 0 0 0 1 1 0
rmdir/790 0 0 0 0 0 0 0 0 0 0 0 0 0 0 0 0 0 0 0 0 0 0 0 0 0 0 0 0 0 0 0 0 0 0 0 0 0 0 0 0 0 0 0 0 0 0 0 0 0 0 0 0 0 0 0 0 0 0 0 0 0 0 0 0 1 1 0
rmdir/791 0 0 0 0 0 0 0 0 0 0 0 0 0 0 0 0 0 0 0 0 0 0 0 0 0 0 0 0 0 0 0 0 0 0 0 0 0 0 0 0 0 0 0 0 0 0 0 0 0 0 0 0 0 0 0 0 0 0 0 0 0 0 0 0 1 1 0
rmdir/419 1 1 1 1 1 1 1 1 1 1 1 1 1 1 1 1 1 1 1 0 0 1 1 1 0 1 1 1 1 1 0 0 1 1 1 1 0 1 1 1 0 1 1 1 1 1 1 1 1 1 0 0 0 0 0 1 0 0 0 0 0 0 0 0 1 1 1
rmdir/418 1 1 1 1 1 1 1 1 1 1 1 1 1 1 1 1 1 1 1 0 0 1 1 1 0 1 1 1 1 1 0 0 1 1 1 1 0 1 1 1 0 1 1 1 1 1 1 1 1 1 0 0 0 0 0 1 0 0 0 0 0 0 0 0 1 1 1
rmdir/319 0 0 0 0 0 0 1 0 0 0 0 0 0 1 0 0 0 0 1 0 0 1 0 0 0 0 1 1 0 1 0 0 0 0 0 0 0 0 0 0 0 0 0 0 0 0 0 0 0 0 0 0 0 0 0 0 0 0 0 0 0 0 0 0 0 1 0
rmdir/251 0 0 1 0 0 0 1 0 0 1 0 0 1 1 0 0 1 0 1 1 1 1 0 0 1 0 1 1 1 1 1 1 0 0 1 0 1 0 1 0 1 0 0 0 0 1 0 0 0 1 1 1 1 1 1 0 1 1 1 1 1 1 1 1 1 1 1
rmdir/250 0 0 1 0 0 0 1 0 0 1 0 0 1 1 0 0 1 0 1 1 1 1 0 0 1 0 1 1 1 1 1 1 0 0 1 0 1 0 1 0 1 0 0 0 0 1 0 0 0 1 1 1 1 1 1 0 1 1 1 1 1 1 1 1 1 1 1
rmdir/253 0 0 1 0 0 0 1 0 0 1 0 0 1 1 0 0 1 0 1 1 1 1 0 0 1 0 1 1 1 1 1 1 0 0 1 0 1 0 1 0 1 0 0 0 0 1 0 0 0 1 1 1 1 1 1 0 1 1 1 1 1 1 1 1 1 1 1
rmdir/252 0 0 1 0 0 0 1 0 0 1 0 0 1 1 0 0 1 0 1 1 1 1 0 0 1 0 1 1 1 1 1 1 0 0 1 0 1 0 1 0 1 0 0 0 0 1 0 0 0 1 1 1 1 1 1 0 1 1 1 1 1 1 1 1 1 1 1
rmdir/255 0 0 1 0 0 0 1 0 0 1 0 0 1 1 0 0 1 0 1 1 1 1 0 0 1 0 1 1 1 1 1 1 0 0 1 0 1 0 1 0 1 0 0 0 0 1 0 0 0 1 1 1 1 1 1 0 1 1 1 1 1 1 1 1 1 1 1
rmdir/254 0 0 1 0 0 0 1 0 0 1 0 0 1 1 0 0 1 0 1 1 1 1 0 0 1 0 1 1 1 1 1 1 0 0 1 0 1 0 1 0 1 0 0 0 0 1 0 0 0 1 1 1 1 1 1 0 1 1 1 1 1 1 1 1 1 1 1
rmdir/257 0 0 1 0 0 0 1 0 0 1 0 0 1 1 0 0 1 0 1 1 1 1 0 0 1 0 1 1 1 1 1 1 0 0 1 0 1 0 1 0 1 0 0 0 0 1 0 0 0 1 1 1 1 1 1 0 1 1 1 1 1 1 1 1 1 1 1
rmdir/256 0 0 1 0 0 0 1 0 0 1 0 0 1 1 0 0 1 0 1 1 1 1 0 0 1 0 1 1 1 1 1 1 0 0 1 0 1 0 1 0 1 0 0 0 0 1 0 0 0 1 1 1 1 1 1 0 1 1 1 1 1 1 1 1 1 1 1
rmdir/259 0 0 1 0 0 0 1 0 0 1 0 0 1 1 0 0 1 0 1 1 1 1 0 0 1 0 1 1 1 1 1 1 0 0 1 0 1 0 1 0 1 0 0 0 0 1 0 0 0 1 1 1 1 1 1 0 1 1 1 1 1 1 1 1 1 1 1
rmdir/258 0 0 1 0 0 0 1 0 0 1 0 0 1 1 0 0 1 0 1 1 1 1 0 0 1 0 1 1 1 1 1 1 0 0 1 0 1 0 1 0 1 0 0 0 0 1 0 0 0 1 1 1 1 1 1 0 1 1 1 1 1 1 1 1 1 1 1
rmdir/709 1 1 0 1 1 1 1 1 1 1 1 1 0 0 1 1 1 1 1 0 0 1 1 1 0 1 1 1 1 1 0 0 1 0 1 1 0 1 1 1 0 1 1 1 1 0 1 1 1 1 0 0 0 0 0 1 0 0 0 0 0 0 0 0 1 1 1
rmdir/708 1 1 0 1 1 1 1 1 1 1 1 1 0 0 1 1 1 1 1 0 0 1 1 1 0 1 1 1 1 1 0 0 1 0 1 1 0 1 1 1 0 1 1 1 1 0 1 1 1 1 0 0 0 0 0 1 0 0 0 0 0 0 0 0 1 1 1
rmdir/804 0 0 0 0 0 0 0 0 0 0 0 0 0 0 0 0 0 0 0 0 0 0 0 0 0 0 0 0 0 0 0 0 0 0 0 0 0 0 0 0 0 0 0 0 0 0 0 0 0 0 0 0 0 0 0 0 0 0 0 0 0 0 0 0 1 1 0
rmdir/821 0 0 0 0 0 0 0 0 0 0 0 0 0 0 0 0 0 0 0 0 0 0 0 0 0 0 0 0 0 0 0 0 0 0 0 0 0 0 0 0 0 0 0 0 0 0 0 0 0 0 0 0 0 0 0 0 0 0 0 0 0 0 0 0 1 1 0
rmdir/805 0 0 0 0 0 0 0 0 0 0 0 0 0 0 0 0 0 0 0 0 0 0 0 0 0 0 0 0 0 0 0 0 0 0 0 0 0 0 0 0 0 0 0 0 0 0 0 0 0 0 0 0 0 0 0 0 0 0 0 0 0 0 0 0 1 1 0
rmdir/178 1 1 1 1 1 1 1 1 1 1 1 1 1 1 1 1 1 1 1 1 1 1 1 1 1 1 1 1 1 1 1 1 1 1 1 1 1 1 1 1 1 1 1 1 1 1 1 1 1 1 1 1 1 1 1 1 1 1 1 1 1 1 1 1 1 1 1
rmdir/179 1 1 1 1 1 1 1 1 1 1 1 1 1 1 1 1 1 1 1 1 1 1 1 1 1 1 1 1 1 1 1 1 1 1 1 1 1 1 1 1 1 1 1 1 1 1 1 1 1 1 1 1 1 1 1 1 1 1 1 1 1 1 1 1 1 1 1
rmdir/820 0 0 0 0 0 0 0 0 0 0 0 0 0 0 0 0 0 0 0 0 0 0 0 0 0 0 0 0 0 0 0 0 0 0 0 0 0 0 0 0 0 0 0 0 0 0 0 0 0 0 0 0 0 0 0 0 0 0 0 0 0 0 0 0 1 1 0
rmdir/806 0 0 0 0 0 0 0 0 0 0 0 0 0 0 0 0 0 0 0 0 0 0 0 0 0 0 0 0 0 0 0 0 0 0 0 0 0 0 0 0 0 0 0 0 0 0 0 0 0 0 0 0 0 0 0 0 0 0 0 0 0 0 0 0 1 1 0
rmdir/480 1 1 0 1 1 1 1 1 1 1 1 1 0 0 1 1 1 1 1 0 0 1 1 1 0 1 1 1 1 1 0 0 1 0 1 1 0 1 1 1 0 1 1 1 1 0 1 1 1 1 0 0 0 0 0 1 0 0 0 0 0 0 0 0 1 1 1
rmdir/481 1 1 0 1 1 1 1 1 1 1 1 1 0 0 1 1 1 1 1 0 0 1 1 1 0 1 1 1 1 1 0 0 1 0 1 1 0 1 1 1 0 1 1 1 1 0 1 1 1 1 0 0 0 0 0 1 0 0 0 0 0 0 0 0 1 1 1
rmdir/482 1 1 0 1 1 1 1 1 1 1 1 1 0 0 1 1 1 1 1 0 0 1 1 1 0 1 1 1 1 1 0 0 1 0 1 1 0 1 1 1 0 1 1 1 1 0 1 1 1 1 0 0 0 0 0 1 0 0 0 0 0 0 0 0 1 1 1
rmdir/483 1 1 0 1 1 1 1 1 1 1 1 1 0 0 1 1 1 1 1 0 0 1 1 1 0 1 1 1 1 1 0 0 1 0 1 1 0 1 1 1 0 1 1 1 1 0 1 1 1 1 0 0 0 0 0 1 0 0 0 0 0 0 0 0 1 1 1
rmdir/484 1 1 0 1 1 1 1 1 1 1 1 1 0 0 1 1 1 1 1 0 0 1 1 1 0 1 1 1 1 1 0 0 1 0 1 1 0 1 1 1 0 1 1 1 1 0 1 1 1 1 0 0 0 0 0 1 0 0 0 0 0 0 0 0 1 1 1
rmdir/485 1 1 0 1 1 1 1 1 1 1 1 1 0 0 1 1 1 1 1 0 0 1 1 1 0 1 1 1 1 1 0 0 1 0 1 1 0 1 1 1 0 1 1 1 1 0 1 1 1 1 0 0 0 0 0 1 0 0 0 0 0 0 0 0 1 1 1
rmdir/486 1 1 0 1 1 1 1 1 1 1 1 1 0 0 1 1 1 1 1 0 0 1 1 1 0 1 1 1 1 1 0 0 1 0 1 1 0 1 1 1 0 1 1 1 1 0 1 1 1 1 0 0 0 0 0 1 0 0 0 0 0 0 0 0 1 1 1
rmdir/487 1 1 0 1 1 1 1 1 1 1 1 1 0 0 1 1 1 1 1 0 0 1 1 1 0 1 1 1 1 1 0 0 1 0 1 1 0 1 1 1 0 1 1 1 1 0 1 1 1 1 0 0 0 0 0 1 0 0 0 0 0 0 0 0 1 1 1
rmdir/488 1 1 0 1 1 1 1 1 1 1 1 1 0 0 1 1 1 1 1 0 0 1 1 1 0 1 1 1 1 1 0 0 1 0 1 1 0 1 1 1 0 1 1 1 1 0 1 1 1 1 0 0 0 0 0 1 0 0 0 0 0 0 0 0 1 1 1
rmdir/489 1 1 0 1 1 1 1 1 1 1 1 1 0 0 1 1 1 1 1 0 0 1 1 1 0 1 1 1 1 1 0 0 1 0 1 1 0 1 1 1 0 1 1 1 1 0 1 1 1 1 0 0 0 0 0 1 0 0 0 0 0 0 0 0 1 1 1
rmdir/958 0 0 0 0 0 0 0 0 0 0 0 0 0 0 0 0 0 0 0 0 0 0 0 0 0 0 0 0 0 0 0 0 0 0 0 0 0 0 0 0 0 0 0 0 0 0 0 0 0 0 0 0 0 0 0 0 0 0 0 0 0 0 0 0 0 1 0
rmdir/959 0 0 0 0 0 0 0 0 0 0 0 0 0 0 0 0 0 0 0 0 0 0 0 0 0 0 0 0 0 0 0 0 0 0 0 0 0 0 0 0 0 0 0 0 0 0 0 0 0 0 0 0 0 0 0 0 0 0 0 0 0 0 0 0 0 1 0
rmdir/801 0 0 0 0 0 0 0 0 0 0 0 0 0 0 0 0 0 0 0 0 0 0 0 0 0 0 0 0 0 0 0 0 0 0 0 0 0 0 0 0 0 0 0 0 0 0 0 0 0 0 0 0 0 0 0 0 0 0 0 0 0 0 0 0 1 1 0
rmdir/43 0 0 1 0 0 0 0 0 0 0 0 0 1 1 0 0 0 0 0 1 1 0 0 0 0 0 0 0 0 0 1 1 0 1 0 0 1 0 0 0 1 0 0 0 0 1 0 0 0 0 0 0 1 1 0 0 0 0 1 1 1 1 0 1 0 0 0
rmdir/42 0 0 1 0 0 0 0 0 0 0 0 0 1 1 0 0 0 0 0 1 1 0 0 0 0 0 0 0 0 0 1 1 0 1 0 0 1 0 0 0 1 0 0 0 0 1 0 0 0 0 0 0 1 1 0 0 0 0 1 1 1 1 0 1 0 0 0
rmdir/41 0 0 1 0 0 0 0 0 0 0 0 0 1 1 0 0 0 0 0 1 1 0 0 0 0 0 0 0 0 0 1 1 0 1 0 0 1 0 0 0 1 0 0 0 0 1 0 0 0 0 0 0 1 1 0 0 0 0 1 1 1 1 0 1 0 0 0
rmdir/40 0 0 1 0 0 0 0 0 0 0 0 0 1 1 0 0 0 0 0 1 1 0 0 0 0 0 0 0 0 0 1 1 0 1 0 0 1 0 0 0 1 0 0 0 0 1 0 0 0 0 0 0 1 1 0 0 0 0 1 1 1 1 0 1 0 0 0
rmdir/47 0 0 1 0 0 0 0 0 0 0 0 0 1 1 0 0 0 0 0 1 1 0 0 0 0 0 0 0 0 0 1 1 0 1 0 0 1 0 0 0 1 0 0 0 0 1 0 0 0 0 0 0 1 1 0 0 0 0 1 1 1 1 0 1 0 0 0
rmdir/46 0 0 1 0 0 0 0 0 0 0 0 0 1 1 0 0 0 0 0 1 1 0 0 0 0 0 0 0 0 0 1 1 0 1 0 0 1 0 0 0 1 0 0 0 0 1 0 0 0 0 0 0 1 1 0 0 0 0 1 1 1 1 0 1 0 0 0
rmdir/45 0 0 1 0 0 0 0 0 0 0 0 0 1 1 0 0 0 0 0 1 1 0 0 0 0 0 0 0 0 0 1 1 0 1 0 0 1 0 0 0 1 0 0 0 0 1 0 0 0 0 0 0 1 1 0 0 0 0 1 1 1 1 0 1 0 0 0
rmdir/44 0 0 1 0 0 0 0 0 0 0 0 0 1 1 0 0 0 0 0 1 1 0 0 0 0 0 0 0 0 0 1 1 0 1 0 0 1 0 0 0 1 0 0 0 0 1 0 0 0 0 0 0 1 1 0 0 0 0 1 1 1 1 0 1 0 0 0
rmdir/49 0 0 1 0 0 0 0 0 0 0 0 0 1 1 0 0 0 0 0 1 1 0 0 0 0 0 0 0 0 0 0 1 0 1 0 0 1 0 0 0 1 0 0 0 0 1 0 0 0 0 0 0 0 0 0 0 0 0 0 0 0 0 0 1 0 0 0
rmdir/48 0 0 1 0 0 0 0 0 0 0 0 0 1 1 0 0 0 0 0 1 1 0 0 0 0 0 0 0 0 0 1 1 0 1 0 0 1 0 0 0 1 0 0 0 0 1 0 0 0 0 0 0 1 1 0 0 0 0 1 1 1 1 0 1 0 0 0
rmdir/559 0 0 0 0 0 0 0 0 0 0 0 0 0 0 0 0 0 0 0 0 0 0 0 0 0 0 0 0 0 0 0 0 0 0 0 0 0 0 0 0 0 0 0 0 0 0 0 0 0 1 0 0 0 0 0 0 0 0 0 0 0 0 0 0 1 1 1
rmdir/556 0 0 0 0 0 0 0 0 0 0 0 0 0 0 0 0 0 0 0 0 0 0 0 0 0 0 0 0 0 0 0 0 0 0 0 0 0 0 0 0 0 0 0 0 0 0 0 0 0 1 0 0 0 0 0 0 0 0 0 0 0 0 0 0 1 1 1
rmdir/557 0 0 0 0 0 0 0 0 0 0 0 0 0 0 0 0 0 0 0 0 0 0 0 0 0 0 0 0 0 0 0 0 0 0 0 0 0 0 0 0 0 0 0 0 0 0 0 0 0 1 0 0 0 0 0 0 0 0 0 0 0 0 0 0 1 1 1
rmdir/554 1 0 0 0 0 0 0 0 0 0 0 0 0 0 0 0 0 0 0 0 0 0 0 0 0 0 0 0 0 1 0 0 0 0 0 0 0 1 0 0 0 0 0 0 0 0 0 0 0 1 0 0 0 0 0 1 0 0 0 0 0 0 0 0 1 1 1
rmdir/555 1 0 0 0 0 0 0 0 0 0 0 0 0 0 0 0 0 0 0 0 0 0 0 0 0 0 0 0 0 1 0 0 0 0 0 0 0 1 0 0 0 0 0 0 0 0 0 0 0 1 0 0 0 0 0 1 0 0 0 0 0 0 0 0 1 1 1
rmdir/552 0 1 0 1 1 1 1 1 1 1 1 1 0 0 1 1 1 1 1 0 0 1 1 1 0 1 1 1 1 1 0 0 1 0 1 1 0 1 1 1 0 1 1 1 1 0 1 1 1 0 0 0 0 0 0 0 0 0 0 0 0 0 0 0 1 0 0
rmdir/553 1 0 0 0 0 0 0 0 0 0 0 0 0 0 0 0 0 0 0 0 0 0 0 0 0 0 0 0 0 1 0 0 0 0 0 0 0 1 0 0 0 0 0 0 0 0 0 0 0 1 0 0 0 0 0 1 0 0 0 0 0 0 0 0 1 1 1
rmdir/550 0 1 0 1 1 1 1 1 1 1 1 1 0 0 1 1 1 1 1 0 0 1 1 1 0 1 1 1 1 1 0 0 1 0 1 1 0 1 1 1 0 1 1 1 1 0 1 1 1 0 0 0 0 0 0 0 0 0 0 0 0 0 0 0 1 0 0
rmdir/551 0 1 0 1 1 1 1 1 1 1 1 1 0 0 1 1 1 1 1 0 0 1 1 1 0 1 1 1 1 1 0 0 1 0 1 1 0 1 1 1 0 1 1 1 1 0 1 1 1 0 0 0 0 0 0 0 0 0 0 0 0 0 0 0 1 0 0
rmdir/880 0 0 0 0 0 0 0 0 0 0 0 0 0 0 0 0 0 0 0 0 0 0 0 0 0 0 0 0 0 0 0 0 0 0 0 0 0 0 0 0 0 0 0 0 0 0 0 0 0 0 0 0 0 0 0 0 0 0 0 0 0 0 0 0 1 1 0
rmdir/934 0 0 0 0 0 0 0 0 0 0 0 0 0 0 0 0 0 0 0 0 0 0 0 0 0 0 0 0 0 0 0 0 0 0 0 0 0 0 0 0 0 0 0 0 0 0 0 0 0 0 0 0 0 0 0 0 0 0 0 0 0 0 0 0 0 1 0
rmdir/679 1 1 0 1 1 1 1 1 1 1 1 1 0 0 1 1 1 1 1 0 0 1 1 1 0 1 1 1 1 1 0 0 1 0 1 1 0 1 1 1 0 1 1 1 1 0 1 1 1 1 0 0 0 0 0 1 0 0 0 0 0 0 0 0 1 1 1
rmdir/678 1 1 0 1 1 1 1 1 1 1 1 1 0 0 1 1 1 1 1 0 0 1 1 1 0 1 1 1 1 1 0 0 1 0 1 1 0 1 1 1 0 1 1 1 1 0 1 1 1 1 0 0 0 0 0 1 0 0 0 0 0 0 0 0 1 1 1
rmdir/935 0 0 0 0 0 0 0 0 0 0 0 0 0 0 0 0 0 0 0 0 0 0 0 0 0 0 0 0 0 0 0 0 0 0 0 0 0 0 0 0 0 0 0 0 0 0 0 0 0 0 0 0 0 0 0 0 0 0 0 0 0 0 0 0 0 1 0
rmdir/677 1 1 0 1 1 1 1 1 1 1 1 1 0 0 1 1 1 1 1 0 0 1 1 1 0 1 1 1 1 1 0 0 1 0 1 1 0 1 1 1 0 1 1 1 1 0 1 1 1 1 0 0 0 0 0 1 0 0 0 0 0 0 0 0 1 1 1
rmdir/676 1 1 0 1 1 1 1 1 1 1 1 1 0 0 1 1 1 1 1 0 0 1 1 1 0 1 1 1 1 1 0 0 1 0 1 1 0 1 1 1 0 1 1 1 1 0 1 1 1 1 0 0 0 0 0 1 0 0 0 0 0 0 0 0 1 1 1
rmdir/675 1 1 0 1 1 1 1 1 1 1 1 1 0 0 1 1 1 1 1 0 0 1 1 1 0 1 1 1 1 1 0 0 1 0 1 1 0 1 1 1 0 1 1 1 1 0 1 1 1 1 0 0 0 0 0 1 0 0 0 0 0 0 0 0 1 1 1
rmdir/839 0 0 0 0 0 0 0 0 0 0 0 0 0 0 0 0 0 0 0 0 0 0 0 0 0 0 0 0 0 0 0 0 0 0 0 0 0 0 0 0 0 0 0 0 0 0 0 0 0 0 0 0 0 0 0 0 0 0 0 0 0 0 0 0 1 1 0
rmdir/937 0 0 0 0 0 0 0 0 0 0 0 0 0 0 0 0 0 0 0 0 0 0 0 0 0 0 0 0 0 0 0 0 0 0 0 0 0 0 0 0 0 0 0 0 0 0 0 0 0 0 0 0 0 0 0 0 0 0 0 0 0 0 0 0 0 1 0
rmdir/288 0 0 1 0 0 0 0 0 0 1 0 0 0 0 0 0 1 0 0 0 0 0 0 0 0 0 0 0 1 0 0 0 0 0 1 0 0 0 0 0 0 0 0 0 0 1 0 0 0 1 0 0 0 0 0 0 0 0 0 0 0 0 0 0 1 1 1
rmdir/354 0 0 0 0 0 0 0 0 0 0 0 0 0 0 0 0 0 0 0 0 0 0 0 0 1 0 0 0 0 0 0 0 0 0 0 0 0 0 0 0 0 0 0 0 0 0 0 0 0 0 1 1 0 0 1 0 1 1 0 0 0 0 1 0 0 0 0
rmdir/355 0 0 0 0 0 0 0 0 0 0 0 0 0 0 0 0 0 0 0 0 0 0 0 0 1 0 0 0 0 0 0 0 0 0 0 0 0 0 0 0 0 0 0 0 0 0 0 0 0 0 1 1 0 0 1 0 1 1 0 0 0 0 1 0 0 0 0
rmdir/356 0 0 0 0 0 0 0 0 0 0 0 0 0 0 0 0 0 0 0 0 0 0 0 0 1 0 0 0 0 0 0 0 0 0 0 0 0 0 0 0 0 0 0 0 0 0 0 0 0 0 1 1 0 0 1 0 1 1 0 0 0 0 1 0 0 0 0
rmdir/357 0 0 0 0 0 0 0 0 0 0 0 0 0 0 0 0 0 0 0 0 0 0 0 0 1 0 0 0 0 0 0 0 0 0 0 0 0 0 0 0 0 0 0 0 0 0 0 0 0 0 1 1 0 0 1 0 1 1 0 0 0 0 1 0 0 0 0
rmdir/350 0 0 0 0 0 0 0 0 0 0 0 0 0 0 0 0 0 0 0 0 0 0 0 0 0 0 0 0 0 0 1 0 0 0 0 0 0 0 0 0 0 0 0 0 0 0 0 0 0 0 0 0 1 1 0 0 0 0 1 1 1 1 0 0 0 0 0
rmdir/351 0 0 0 0 0 0 0 0 0 0 0 0 0 0 0 0 0 0 0 0 0 0 0 0 1 0 0 0 0 0 0 0 0 0 0 0 0 0 0 0 0 0 0 0 0 0 0 0 0 0 1 1 0 0 1 0 1 1 0 0 0 0 1 0 0 0 0
rmdir/352 0 0 0 0 0 0 0 0 0 0 0 0 0 0 0 0 0 0 0 0 0 0 0 0 1 0 0 0 0 0 0 0 0 0 0 0 0 0 0 0 0 0 0 0 0 0 0 0 0 0 1 1 0 0 1 0 1 1 0 0 0 0 1 0 0 0 0
rmdir/353 0 0 0 0 0 0 0 0 0 0 0 0 0 0 0 0 0 0 0 0 0 0 0 0 1 0 0 0 0 0 0 0 0 0 0 0 0 0 0 0 0 0 0 0 0 0 0 0 0 0 1 1 0 0 1 0 1 1 0 0 0 0 1 0 0 0 0
rmdir/358 0 0 0 0 0 0 0 0 0 0 0 0 0 0 0 0 0 0 0 0 0 0 0 0 1 0 0 0 0 0 0 0 0 0 0 0 0 0 0 0 0 0 0 0 0 0 0 0 0 0 1 1 0 0 1 0 1 1 0 0 0 0 1 0 0 0 0
rmdir/359 0 0 0 0 0 0 0 0 0 0 0 0 0 0 0 0 0 0 0 0 0 0 0 0 1 0 0 0 0 0 0 0 0 0 0 0 0 0 0 0 0 0 0 0 0 0 0 0 0 0 1 1 0 0 1 0 1 1 0 0 0 0 1 0 0 0 0
rmdir/213 1 1 1 1 1 1 1 1 1 1 1 1 1 1 1 1 1 1 1 1 1 1 1 1 1 1 1 1 1 1 1 1 1 1 1 1 1 1 1 1 1 1 1 1 1 1 1 1 1 1 1 1 1 1 1 1 1 1 1 1 1 1 1 1 1 1 1
rmdir/212 1 1 1 1 1 1 1 1 1 1 1 1 1 1 1 1 1 1 1 1 1 1 1 1 1 1 1 1 1 1 1 1 1 1 1 1 1 1 1 1 1 1 1 1 1 1 1 1 1 1 1 1 1 1 1 1 1 1 1 1 1 1 1 1 1 1 1
rmdir/731 0 0 0 0 0 0 0 0 0 0 0 0 0 0 0 0 0 0 0 0 0 0 0 0 0 0 0 0 0 0 0 0 0 0 0 0 0 0 0 0 0 0 0 0 0 0 0 0 0 1 0 0 0 0 0 0 0 0 0 0 0 0 0 0 1 1 1
rmdir/527 0 1 0 1 1 1 1 1 1 1 1 1 0 0 1 1 1 1 1 0 0 1 1 1 0 1 1 1 1 1 0 0 1 0 1 1 0 1 1 1 0 1 1 1 1 0 1 1 1 0 0 0 0 0 0 0 0 0 0 0 0 0 0 0 1 0 0
rmdir/526 0 1 0 1 1 1 1 1 1 1 1 1 0 0 1 1 1 1 1 0 0 1 1 1 0 1 1 1 1 1 0 0 1 0 1 1 0 1 1 1 0 1 1 1 1 0 1 1 1 0 0 0 0 0 0 0 0 0 0 0 0 0 0 0 1 0 0
rmdir/522 0 1 0 1 1 1 1 1 1 1 1 1 0 0 1 1 1 1 1 0 0 1 1 1 0 1 1 1 1 1 0 0 1 0 1 1 0 1 1 1 0 1 1 1 1 0 1 1 1 0 0 0 0 0 0 0 0 0 0 0 0 0 0 0 1 0 0
rmdir/521 0 1 0 1 1 1 1 1 1 1 1 1 0 0 1 1 1 1 1 0 0 1 1 1 0 1 1 1 1 1 0 0 1 0 1 1 0 1 1 1 0 1 1 1 1 0 1 1 1 0 0 0 0 0 0 0 0 0 0 0 0 0 0 0 1 0 0
rmdir/520 1 1 0 1 1 1 1 1 1 1 1 1 0 0 1 1 1 1 1 0 0 1 1 1 0 1 1 1 1 1 0 0 1 0 1 1 0 1 1 1 0 1 1 1 1 0 1 1 1 1 0 0 0 0 0 1 0 0 0 0 0 0 0 0 1 1 1
rmdir/916 0 0 0 0 0 0 0 0 0 0 0 0 0 0 0 0 0 0 0 0 0 0 0 0 0 0 0 0 0 0 0 0 0 0 0 0 0 0 0 0 0 0 0 0 0 0 0 0 0 0 0 0 0 0 0 0 0 0 0 0 0 0 0 0 1 1 0
rmdir/917 0 0 0 0 0 0 0 0 0 0 0 0 0 0 0 0 0 0 0 0 0 0 0 0 0 0 0 0 0 0 0 0 0 0 0 0 0 0 0 0 0 0 0 0 0 0 0 0 0 0 0 0 0 0 0 0 0 0 0 0 0 0 0 0 1 1 0
rmdir/914 0 0 0 0 0 0 0 0 0 0 0 0 0 0 0 0 0 0 0 0 0 0 0 0 0 0 0 0 0 0 0 0 0 0 0 0 0 0 0 0 0 0 0 0 0 0 0 0 0 0 0 0 0 0 0 0 0 0 0 0 0 0 0 0 1 1 0
rmdir/915 0 0 0 0 0 0 0 0 0 0 0 0 0 0 0 0 0 0 0 0 0 0 0 0 0 0 0 0 0 0 0 0 0 0 0 0 0 0 0 0 0 0 0 0 0 0 0 0 0 0 0 0 0 0 0 0 0 0 0 0 0 0 0 0 1 1 0
rmdir/912 0 0 0 0 0 0 0 0 0 0 0 0 0 0 0 0 0 0 0 0 0 0 0 0 0 0 0 0 0 0 0 0 0 0 0 0 0 0 0 0 0 0 0 0 0 0 0 0 0 0 0 0 0 0 0 0 0 0 0 0 0 0 0 0 1 1 0
rmdir/913 0 0 0 0 0 0 0 0 0 0 0 0 0 0 0 0 0 0 0 0 0 0 0 0 0 0 0 0 0 0 0 0 0 0 0 0 0 0 0 0 0 0 0 0 0 0 0 0 0 0 0 0 0 0 0 0 0 0 0 0 0 0 0 0 1 1 0
rmdir/529 0 1 0 1 1 1 1 1 1 1 1 1 0 0 1 1 1 1 1 0 0 1 1 1 0 1 1 1 1 1 0 0 1 0 1 1 0 1 1 1 0 1 1 1 1 0 1 1 1 0 0 0 0 0 0 0 0 0 0 0 0 0 0 0 1 0 0
rmdir/528 0 1 0 1 1 1 1 1 1 1 1 1 0 0 1 1 1 1 1 0 0 1 1 1 0 1 1 1 1 1 0 0 1 0 1 1 0 1 1 1 0 1 1 1 1 0 1 1 1 0 0 0 0 0 0 0 0 0 0 0 0 0 0 0 1 0 0
rmdir/816 0 0 0 0 0 0 0 0 0 0 0 0 0 0 0 0 0 0 0 0 0 0 0 0 0 0 0 0 0 0 0 0 0 0 0 0 0 0 0 0 0 0 0 0 0 0 0 0 0 0 0 0 0 0 0 0 0 0 0 0 0 0 0 0 1 1 0
rmdir/453 1 1 0 1 1 1 1 1 1 1 1 1 0 0 1 1 1 1 1 0 0 1 1 1 0 1 1 1 1 1 0 0 1 0 1 1 0 1 1 1 0 1 1 1 1 0 1 1 1 1 0 0 0 0 0 1 0 0 0 0 0 0 0 0 1 1 1
rmdir/452 1 1 0 1 1 1 1 1 1 1 1 1 0 0 1 1 1 1 1 0 0 1 1 1 0 1 1 1 1 1 0 0 1 0 1 1 0 1 1 1 0 1 1 1 1 0 1 1 1 1 0 0 0 0 0 1 0 0 0 0 0 0 0 0 1 1 1
rmdir/323 0 0 0 0 0 0 0 0 0 0 0 0 1 0 0 0 0 0 0 0 0 0 0 0 0 0 0 0 0 0 0 0 0 0 0 0 0 0 1 0 0 0 0 0 0 0 0 0 0 0 0 0 0 0 0 0 0 0 0 0 0 0 0 0 0 0 0
rmdir/450 1 1 0 1 1 1 1 1 1 1 1 1 0 0 1 1 1 1 1 0 0 1 1 1 0 1 1 1 1 1 0 0 1 0 1 1 0 1 1 1 0 1 1 1 1 0 1 1 1 1 0 0 0 0 0 1 0 0 0 0 0 0 0 0 1 1 1
rmdir/457 1 1 0 1 1 1 1 1 1 1 1 1 0 0 1 1 1 1 1 0 0 1 1 1 0 1 1 1 1 1 0 0 1 0 1 1 0 1 1 1 0 1 1 1 1 0 1 1 1 1 0 0 0 0 0 1 0 0 0 0 0 0 0 0 1 1 1
rmdir/456 1 1 0 1 1 1 1 1 1 1 1 1 0 0 1 1 1 1 1 0 0 1 1 1 0 1 1 1 1 1 0 0 1 0 1 1 0 1 1 1 0 1 1 1 1 0 1 1 1 1 0 0 0 0 0 1 0 0 0 0 0 0 0 0 1 1 1
rmdir/455 1 1 0 1 1 1 1 1 1 1 1 1 0 0 1 1 1 1 1 0 0 1 1 1 0 1 1 1 1 1 0 0 1 0 1 1 0 1 1 1 0 1 1 1 1 0 1 1 1 1 0 0 0 0 0 1 0 0 0 0 0 0 0 0 1 1 1
rmdir/454 1 1 0 1 1 1 1 1 1 1 1 1 0 0 1 1 1 1 1 0 0 1 1 1 0 1 1 1 1 1 0 0 1 0 1 1 0 1 1 1 0 1 1 1 1 0 1 1 1 1 0 0 0 0 0 1 0 0 0 0 0 0 0 0 1 1 1
rmdir/459 1 1 0 1 1 1 1 1 1 1 1 1 0 0 1 1 1 1 1 0 0 1 1 1 0 1 1 1 1 1 0 0 1 0 1 1 0 1 1 1 0 1 1 1 1 0 1 1 1 1 0 0 0 0 0 1 0 0 0 0 0 0 0 0 1 1 1
rmdir/458 1 1 0 1 1 1 1 1 1 1 1 1 0 0 1 1 1 1 1 0 0 1 1 1 0 1 1 1 1 1 0 0 1 0 1 1 0 1 1 1 0 1 1 1 1 0 1 1 1 1 0 0 0 0 0 1 0 0 0 0 0 0 0 0 1 1 1
rmdir/755 0 0 0 0 0 0 0 0 0 0 0 0 0 0 0 0 0 0 0 0 0 0 0 0 0 0 0 0 0 0 0 0 0 0 0 0 0 0 0 0 0 0 0 0 0 0 0 0 0 1 0 0 0 0 0 0 0 0 0 0 0 0 0 0 1 1 1
rmdir/756 0 0 0 0 0 0 0 0 0 0 0 0 0 0 0 0 0 0 0 0 0 0 0 0 0 0 0 0 0 0 0 0 0 0 0 0 0 0 0 0 0 0 0 0 0 0 0 0 0 1 0 0 0 0 0 0 0 0 0 0 0 0 0 0 1 1 1
rmdir/757 0 0 0 0 0 0 0 0 0 0 0 0 0 0 0 0 0 0 0 0 0 0 0 0 0 0 0 0 0 0 0 0 0 0 0 0 0 0 0 0 0 0 0 0 0 0 0 0 0 1 0 0 0 0 0 0 0 0 0 0 0 0 0 0 1 1 1
rmdir/149 1 1 1 1 1 1 1 1 1 1 1 1 1 1 1 1 1 1 1 1 1 1 1 1 1 1 1 1 1 1 1 1 1 1 1 1 1 1 1 1 1 1 1 1 1 1 1 1 1 1 1 1 1 1 1 1 1 1 1 1 1 1 1 1 1 1 1
rmdir/621 0 0 0 0 0 0 0 0 0 0 0 0 0 0 0 0 0 0 0 0 0 0 0 0 0 0 0 0 0 0 0 0 0 0 0 0 0 0 0 0 0 0 0 0 0 0 0 0 0 1 0 0 0 0 0 0 0 0 0 0 0 0 0 0 1 1 1
rmdir/622 0 0 0 0 0 0 0 0 0 0 0 0 0 0 0 0 0 0 0 0 0 0 0 0 0 0 0 0 0 0 0 0 0 0 0 0 0 0 0 0 0 0 0 0 0 0 0 0 0 1 0 0 0 0 0 0 0 0 0 0 0 0 0 0 1 1 1
rmdir/623 0 0 0 0 0 0 0 0 0 0 0 0 0 0 0 0 0 0 0 0 0 0 0 0 0 0 0 0 0 0 0 0 0 0 0 0 0 0 0 0 0 0 0 0 0 0 0 0 0 1 0 0 0 0 0 0 0 0 0 0 0 0 0 0 1 1 1
rmdir/624 0 0 0 0 0 0 0 0 0 0 0 0 0 0 0 0 0 0 0 0 0 0 0 0 0 0 0 0 0 0 0 0 0 0 0 0 0 0 0 0 0 0 0 0 0 0 0 0 0 1 0 0 0 0 0 0 0 0 0 0 0 0 0 0 1 1 1
rmdir/629 0 0 0 0 0 0 0 0 0 0 0 0 0 0 0 0 0 0 0 0 0 0 0 0 0 0 0 0 0 0 0 0 0 0 0 0 0 0 0 0 0 0 0 0 0 0 0 0 0 1 0 0 0 0 0 0 0 0 0 0 0 0 0 0 1 1 1
rmdir/143 1 1 1 1 1 1 1 1 1 1 1 1 1 1 1 1 1 1 1 1 1 1 1 1 1 1 1 1 1 1 1 1 1 1 1 1 1 1 1 1 1 1 1 1 1 1 1 1 1 1 1 1 1 1 1 1 1 1 1 1 1 1 1 1 1 1 1
rmdir/145 1 1 1 1 1 1 1 1 1 1 1 1 1 1 1 1 1 1 1 1 1 1 1 1 1 1 1 1 1 1 1 1 1 1 1 1 1 1 1 1 1 1 1 1 1 1 1 1 1 1 1 1 1 1 1 1 1 1 1 1 1 1 1 1 1 1 1
rmdir/144 1 1 1 1 1 1 1 1 1 1 1 1 1 1 1 1 1 1 1 1 1 1 1 1 1 1 1 1 1 1 1 1 1 1 1 1 1 1 1 1 1 1 1 1 1 1 1 1 1 1 1 1 1 1 1 1 1 1 1 1 1 1 1 1 1 1 1
rmdir/147 1 1 1 1 1 1 1 1 1 1 1 1 1 1 1 1 1 1 1 1 1 1 1 1 1 1 1 1 1 1 1 1 1 1 1 1 1 1 1 1 1 1 1 1 1 1 1 1 1 1 1 1 1 1 1 1 1 1 1 1 1 1 1 1 1 1 1
rmdir/146 1 1 1 1 1 1 1 1 1 1 1 1 1 1 1 1 1 1 1 1 1 1 1 1 1 1 1 1 1 1 1 1 1 1 1 1 1 1 1 1 1 1 1 1 1 1 1 1 1 1 1 1 1 1 1 1 1 1 1 1 1 1 1 1 1 1 1
rmdir/649 0 0 0 0 0 0 0 0 0 0 0 0 0 0 0 0 0 0 0 0 0 0 0 0 0 0 0 0 0 0 0 0 0 0 0 0 0 0 0 0 0 0 0 0 0 0 0 0 0 1 0 0 0 0 0 0 0 0 0 0 0 0 0 0 1 1 1
rmdir/957 0 0 0 0 0 0 0 0 0 0 0 0 0 0 0 0 0 0 0 0 0 0 0 0 0 0 0 0 0 0 0 0 0 0 0 0 0 0 0 0 0 0 0 0 0 0 0 0 0 0 0 0 0 0 0 0 0 0 0 0 0 0 0 0 0 1 0
rmdir/838 0 0 0 0 0 0 0 0 0 0 0 0 0 0 0 0 0 0 0 0 0 0 0 0 0 0 0 0 0 0 0 0 0 0 0 0 0 0 0 0 0 0 0 0 0 0 0 0 0 0 0 0 0 0 0 0 0 0 0 0 0 0 0 0 1 1 0
rmdir/680 1 1 0 1 1 1 1 1 1 1 1 1 0 0 1 1 1 1 1 0 0 1 1 1 0 1 1 1 1 1 0 0 1 0 1 1 0 1 1 1 0 1 1 1 1 0 1 1 1 1 0 0 0 0 0 1 0 0 0 0 0 0 0 0 1 1 1
rmdir/970 0 0 0 0 0 0 0 0 0 0 0 0 0 0 0 0 0 0 0 0 0 0 0 0 0 0 0 0 0 0 0 0 0 0 0 0 0 0 0 0 0 0 0 0 0 0 0 0 0 0 0 0 0 0 0 0 0 0 0 0 0 0 0 0 0 1 0
rmdir/971 0 0 0 0 0 0 0 0 0 0 0 0 0 0 0 0 0 0 0 0 0 0 0 0 0 0 0 0 0 0 0 0 0 0 0 0 0 0 0 0 0 0 0 0 0 0 0 0 0 1 0 0 0 0 0 0 0 0 0 0 0 0 0 0 1 1 1
rmdir/871 0 0 0 0 0 0 0 0 0 0 0 0 0 0 0 0 0 0 0 0 0 0 0 0 0 0 0 0 0 0 0 0 0 0 0 0 0 0 0 0 0 0 0 0 0 0 0 0 0 0 0 0 0 0 0 0 0 0 0 0 0 0 0 0 1 1 0
rmdir/689 1 1 0 1 1 1 1 1 1 1 1 1 0 0 1 1 1 1 1 0 0 1 1 1 0 1 1 1 1 1 0 0 1 0 1 1 0 1 1 1 0 1 1 1 1 0 1 1 1 1 0 0 0 0 0 1 0 0 0 0 0 0 0 0 1 1 1
rmdir/834 0 0 0 0 0 0 0 0 0 0 0 0 0 0 0 0 0 0 0 0 0 0 0 0 0 0 0 0 0 0 0 0 0 0 0 0 0 0 0 0 0 0 0 0 0 0 0 0 0 0 0 0 0 0 0 0 0 0 0 0 0 0 0 0 1 1 0
rmdir/872 0 0 0 0 0 0 0 0 0 0 0 0 0 0 0 0 0 0 0 0 0 0 0 0 0 0 0 0 0 0 0 0 0 0 0 0 0 0 0 0 0 0 0 0 0 0 0 0 0 0 0 0 0 0 0 0 0 0 0 0 0 0 0 0 1 1 0
rmdir/761 0 0 0 0 0 0 0 0 0 0 0 0 0 0 0 0 0 0 0 0 0 0 0 0 0 0 0 0 0 0 0 0 0 0 0 0 0 0 0 0 0 0 0 0 0 0 0 0 0 1 0 0 0 0 0 0 0 0 0 0 0 0 0 0 1 1 1
rmdir/760 0 0 0 0 0 0 0 0 0 0 0 0 0 0 0 0 0 0 0 0 0 0 0 0 0 0 0 0 0 0 0 0 0 0 0 0 0 0 0 0 0 0 0 0 0 0 0 0 0 1 0 0 0 0 0 0 0 0 0 0 0 0 0 0 1 1 1
rmdir/763 0 0 0 0 0 0 0 0 0 0 0 0 0 0 0 0 0 0 0 0 0 0 0 0 0 0 0 0 0 0 0 0 0 0 0 0 0 0 0 0 0 0 0 0 0 0 0 0 0 1 0 0 0 0 0 0 0 0 0 0 0 0 0 0 1 1 1
rmdir/762 0 0 0 0 0 0 0 0 0 0 0 0 0 0 0 0 0 0 0 0 0 0 0 0 0 0 0 0 0 0 0 0 0 0 0 0 0 0 0 0 0 0 0 0 0 0 0 0 0 1 0 0 0 0 0 0 0 0 0 0 0 0 0 0 1 1 1
rmdir/765 0 0 0 0 0 0 0 0 0 0 0 0 0 0 0 0 0 0 0 0 0 0 0 0 0 0 0 0 0 0 0 0 0 0 0 0 0 0 0 0 0 0 0 0 0 0 0 0 0 1 0 0 0 0 0 0 0 0 0 0 0 0 0 0 0 0 1
rmdir/764 0 0 0 0 0 0 0 0 0 0 0 0 0 0 0 0 0 0 0 0 0 0 0 0 0 0 0 0 0 0 0 0 0 0 0 0 0 0 0 0 0 0 0 0 0 0 0 0 0 1 0 0 0 0 0 0 0 0 0 0 0 0 0 0 0 0 1
rmdir/767 0 0 0 0 0 0 0 0 0 0 0 0 0 0 0 0 0 0 0 0 0 0 0 0 0 0 0 0 0 0 0 0 0 0 0 0 0 0 0 0 0 0 0 0 0 0 0 0 0 0 0 0 0 0 0 0 0 0 0 0 0 0 0 0 1 1 0
rmdir/766 0 0 0 0 0 0 0 0 0 0 0 0 0 0 0 0 0 0 0 0 0 0 0 0 0 0 0 0 0 0 0 0 0 0 0 0 0 0 0 0 0 0 0 0 0 0 0 0 0 0 0 0 0 0 0 0 0 0 0 0 0 0 0 0 1 1 0
rmdir/819 0 0 0 0 0 0 0 0 0 0 0 0 0 0 0 0 0 0 0 0 0 0 0 0 0 0 0 0 0 0 0 0 0 0 0 0 0 0 0 0 0 0 0 0 0 0 0 0 0 0 0 0 0 0 0 0 0 0 0 0 0 0 0 0 1 1 0
rmdir/818 0 0 0 0 0 0 0 0 0 0 0 0 0 0 0 0 0 0 0 0 0 0 0 0 0 0 0 0 0 0 0 0 0 0 0 0 0 0 0 0 0 0 0 0 0 0 0 0 0 0 0 0 0 0 0 0 0 0 0 0 0 0 0 0 1 1 0
rmdir/921 0 0 0 0 0 0 0 0 0 0 0 0 0 0 0 0 0 0 0 0 0 0 0 0 0 0 0 0 0 0 0 0 0 0 0 0 0 0 0 0 0 0 0 0 0 0 0 0 0 0 0 0 0 0 0 0 0 0 0 0 0 0 0 0 1 1 0
rmdir/879 0 0 0 0 0 0 0 0 0 0 0 0 0 0 0 0 0 0 0 0 0 0 0 0 0 0 0 0 0 0 0 0 0 0 0 0 0 0 0 0 0 0 0 0 0 0 0 0 0 0 0 0 0 0 0 0 0 0 0 0 0 0 0 0 1 1 0
rmdir/920 0 0 0 0 0 0 0 0 0 0 0 0 0 0 0 0 0 0 0 0 0 0 0 0 0 0 0 0 0 0 0 0 0 0 0 0 0 0 0 0 0 0 0 0 0 0 0 0 0 0 0 0 0 0 0 0 0 0 0 0 0 0 0 0 1 1 0
rmdir/927 0 0 0 0 0 0 0 0 0 0 0 0 0 0 0 0 0 0 0 0 0 0 0 0 0 0 0 0 0 0 0 0 0 0 0 0 0 0 0 0 0 0 0 0 0 0 0 0 0 0 0 0 0 0 0 0 0 0 0 0 0 0 0 0 1 1 0
rmdir/926 0 0 0 0 0 0 0 0 0 0 0 0 0 0 0 0 0 0 0 0 0 0 0 0 0 0 0 0 0 0 0 0 0 0 0 0 0 0 0 0 0 0 0 0 0 0 0 0 0 0 0 0 0 0 0 0 0 0 0 0 0 0 0 0 1 1 0
rmdir/836 0 0 0 0 0 0 0 0 0 0 0 0 0 0 0 0 0 0 0 0 0 0 0 0 0 0 0 0 0 0 0 0 0 0 0 0 0 0 0 0 0 0 0 0 0 0 0 0 0 0 0 0 0 0 0 0 0 0 0 0 0 0 0 0 1 1 0
rmdir/369 1 1 1 1 1 1 1 1 1 1 1 1 1 1 1 1 1 1 1 0 0 1 1 1 0 1 1 1 1 1 0 0 1 1 1 1 0 1 1 1 0 1 1 1 1 1 1 1 1 1 0 0 0 0 0 1 0 0 0 0 0 0 0 0 1 1 1
rmdir/389 1 1 1 1 1 1 1 1 1 1 1 1 1 1 1 1 1 1 1 0 0 1 1 1 0 1 1 1 1 1 0 0 1 1 1 1 0 1 1 1 0 1 1 1 1 1 1 1 1 1 0 0 0 0 0 1 0 0 0 0 0 0 0 0 1 1 1
rmdir/365 0 0 0 0 0 0 0 0 0 0 0 0 0 0 0 0 0 0 0 1 1 0 0 0 0 0 0 0 0 0 0 1 0 0 0 0 1 0 0 0 1 0 0 0 0 0 0 0 0 0 0 0 0 0 0 0 0 0 0 0 0 0 0 1 0 0 0
rmdir/364 0 0 0 0 0 0 0 0 0 0 0 0 0 0 0 0 0 0 0 0 0 0 0 0 1 0 0 0 0 0 0 0 0 0 0 0 0 0 0 0 0 0 0 0 0 0 0 0 0 0 1 1 0 0 1 0 1 1 0 0 0 0 1 0 0 0 0
rmdir/367 0 0 1 0 0 0 1 0 0 1 0 0 1 1 0 0 1 0 1 0 0 1 0 0 0 0 1 1 1 1 0 0 0 0 1 0 0 0 1 0 0 0 0 0 0 1 0 0 0 1 0 0 0 0 0 0 0 0 0 0 0 0 0 0 1 1 1
rmdir/366 0 0 0 0 0 0 0 0 0 0 0 0 0 0 0 0 0 0 0 1 1 0 0 0 0 0 0 0 0 0 0 1 0 0 0 0 1 0 0 0 1 0 0 0 0 0 0 0 0 0 0 0 0 0 0 0 0 0 0 0 0 0 0 1 0 0 0
rmdir/361 0 0 0 0 0 0 0 0 0 0 0 0 0 0 0 0 0 0 0 0 0 0 0 0 1 0 0 0 0 0 0 0 0 0 0 0 0 0 0 0 0 0 0 0 0 0 0 0 0 0 1 1 0 0 1 0 1 1 0 0 0 0 1 0 0 0 0
rmdir/360 0 0 0 0 0 0 0 0 0 0 0 0 0 0 0 0 0 0 0 0 0 0 0 0 1 0 0 0 0 0 0 0 0 0 0 0 0 0 0 0 0 0 0 0 0 0 0 0 0 0 1 1 0 0 1 0 1 1 0 0 0 0 1 0 0 0 0
rmdir/363 0 0 0 0 0 0 0 0 0 0 0 0 0 0 0 0 0 0 0 0 0 0 0 0 1 0 0 0 0 0 0 0 0 0 0 0 0 0 0 0 0 0 0 0 0 0 0 0 0 0 1 1 0 0 1 0 1 1 0 0 0 0 1 0 0 0 0
rmdir/362 0 0 0 0 0 0 0 0 0 0 0 0 0 0 0 0 0 0 0 0 0 0 0 0 1 0 0 0 0 0 0 0 0 0 0 0 0 0 0 0 0 0 0 0 0 0 0 0 0 0 1 1 0 0 1 0 1 1 0 0 0 0 1 0 0 0 0
rmdir/242 1 1 1 1 1 1 1 1 1 1 1 1 1 1 1 1 1 1 1 1 1 1 1 1 1 1 1 1 1 1 1 1 1 1 1 1 1 1 1 1 1 1 1 1 1 1 1 1 1 1 1 1 1 1 1 1 1 1 1 1 1 1 1 1 1 1 1
rmdir/243 1 1 1 1 1 1 1 1 1 1 1 1 1 1 1 1 1 1 1 1 1 1 1 1 1 1 1 1 1 1 1 1 1 1 1 1 1 1 1 1 1 1 1 1 1 1 1 1 1 1 1 1 1 1 1 1 1 1 1 1 1 1 1 1 1 1 1
rmdir/240 1 1 1 1 1 1 1 1 1 1 1 1 1 1 1 1 1 1 1 1 1 1 1 1 1 1 1 1 1 1 1 1 1 1 1 1 1 1 1 1 1 1 1 1 1 1 1 1 1 1 1 1 1 1 1 1 1 1 1 1 1 1 1 1 1 1 1
rmdir/241 1 1 1 1 1 1 1 1 1 1 1 1 1 1 1 1 1 1 1 1 1 1 1 1 1 1 1 1 1 1 1 1 1 1 1 1 1 1 1 1 1 1 1 1 1 1 1 1 1 1 1 1 1 1 1 1 1 1 1 1 1 1 1 1 1 1 1
rmdir/246 1 1 1 1 1 1 1 1 1 1 1 1 1 1 1 1 1 1 1 1 1 1 1 1 1 1 1 1 1 1 1 1 1 1 1 1 1 1 1 1 1 1 1 1 1 1 1 1 1 1 1 1 1 1 1 1 1 1 1 1 1 1 1 1 1 1 1
rmdir/247 0 0 1 0 0 0 1 0 0 1 0 0 1 1 0 0 1 0 1 1 1 1 0 0 1 0 1 1 1 1 1 1 0 0 1 0 1 0 1 0 1 0 0 0 0 1 0 0 0 1 1 1 1 1 1 0 1 1 1 1 1 1 1 1 1 1 1
rmdir/244 1 1 1 1 1 1 1 1 1 1 1 1 1 1 1 1 1 1 1 1 1 1 1 1 1 1 1 1 1 1 1 1 1 1 1 1 1 1 1 1 1 1 1 1 1 1 1 1 1 1 1 1 1 1 1 1 1 1 1 1 1 1 1 1 1 1 1
rmdir/245 1 1 1 1 1 1 1 1 1 1 1 1 1 1 1 1 1 1 1 1 1 1 1 1 1 1 1 1 1 1 1 1 1 1 1 1 1 1 1 1 1 1 1 1 1 1 1 1 1 1 1 1 1 1 1 1 1 1 1 1 1 1 1 1 1 1 1
rmdir/248 0 0 1 0 0 0 1 0 0 1 0 0 1 1 0 0 1 0 1 1 1 1 0 0 1 0 1 1 1 1 1 1 0 0 1 0 1 0 1 0 1 0 0 0 0 1 0 0 0 1 1 1 1 1 1 0 1 1 1 1 1 1 1 1 1 1 1
rmdir/249 0 0 1 0 0 0 1 0 0 1 0 0 1 1 0 0 1 0 1 1 1 1 0 0 1 0 1 1 1 1 1 1 0 0 1 0 1 0 1 0 1 0 0 0 0 1 0 0 0 1 1 1 1 1 1 0 1 1 1 1 1 1 1 1 1 1 1
rmdir/718 1 1 0 1 1 1 1 1 1 1 1 1 0 0 1 1 1 1 1 0 0 1 1 1 0 1 1 1 1 1 0 0 1 0 1 1 0 1 1 1 0 1 1 1 1 0 1 1 1 1 0 0 0 0 0 1 0 0 0 0 0 0 0 0 1 1 1
rmdir/719 1 1 0 1 1 1 1 1 1 1 1 1 0 0 1 1 1 1 1 0 0 1 1 1 0 1 1 1 1 1 0 0 1 0 1 1 0 1 1 1 0 1 1 1 1 0 1 1 1 1 0 0 0 0 0 1 0 0 0 0 0 0 0 0 1 1 1
rmdir/831 0 0 0 0 0 0 0 0 0 0 0 0 0 0 0 0 0 0 0 0 0 0 0 0 0 0 0 0 0 0 0 0 0 0 0 0 0 0 0 0 0 0 0 0 0 0 0 0 0 0 0 0 0 0 0 0 0 0 0 0 0 0 0 0 1 1 0
rmdir/802 0 0 0 0 0 0 0 0 0 0 0 0 0 0 0 0 0 0 0 0 0 0 0 0 0 0 0 0 0 0 0 0 0 0 0 0 0 0 0 0 0 0 0 0 0 0 0 0 0 0 0 0 0 0 0 0 0 0 0 0 0 0 0 0 1 1 0
rmdir/107 1 1 1 1 1 1 1 1 1 1 1 1 1 1 1 1 1 1 1 1 1 1 1 1 1 1 1 1 1 1 1 1 1 1 1 1 1 1 1 1 1 1 1 1 1 1 1 1 1 1 1 1 1 1 1 1 1 1 1 1 1 1 1 1 1 1 1
rmdir/843 0 0 0 0 0 0 0 0 0 0 0 0 0 0 0 0 0 0 0 0 0 0 0 0 0 0 0 0 0 0 0 0 0 0 0 0 0 0 0 0 0 0 0 0 0 0 0 0 0 0 0 0 0 0 0 0 0 0 0 0 0 0 0 0 1 1 0
rmdir/967 0 0 0 0 0 0 0 0 0 0 0 0 0 0 0 0 0 0 0 0 0 0 0 0 0 0 0 0 0 0 0 0 0 0 0 0 0 0 0 0 0 0 0 0 0 0 0 0 0 0 0 0 0 0 0 0 0 0 0 0 0 0 0 0 1 1 0
rmdir/966 0 0 0 0 0 0 0 0 0 0 0 0 0 0 0 0 0 0 0 0 0 0 0 0 0 0 0 0 0 0 0 0 0 0 0 0 0 0 0 0 0 0 0 0 0 0 0 0 0 0 0 0 0 0 0 0 0 0 0 0 0 0 0 0 1 0 0
rmdir/965 0 0 0 0 0 0 0 0 0 0 0 0 0 0 0 0 0 0 0 0 0 0 0 0 0 0 0 0 0 0 0 0 0 0 0 0 0 0 0 0 0 0 0 0 0 0 0 0 0 0 0 0 0 0 0 0 0 0 0 0 0 0 0 0 1 0 0
rmdir/964 0 0 0 0 0 0 0 0 0 0 0 0 0 0 0 0 0 0 0 0 0 0 0 0 0 0 0 0 0 0 0 0 0 0 0 0 0 0 0 0 0 0 0 0 0 0 0 0 0 0 0 0 0 0 0 0 0 0 0 0 0 0 0 0 1 0 0
rmdir/963 0 0 0 0 0 0 0 0 0 0 0 0 0 0 0 0 0 0 0 0 0 0 0 0 0 0 0 0 0 0 0 0 0 0 0 0 0 0 0 0 0 0 0 0 0 0 0 0 0 0 0 0 0 0 0 0 0 0 0 0 0 0 0 0 1 0 0
rmdir/962 0 0 0 0 0 0 0 0 0 0 0 0 0 0 0 0 0 0 0 0 0 0 0 0 0 0 0 0 0 0 0 0 0 0 0 0 0 0 0 0 0 0 0 0 0 0 0 0 0 0 0 0 0 0 0 0 0 0 0 0 0 0 0 0 1 0 0
rmdir/961 0 0 0 0 0 0 0 0 0 0 0 0 0 0 0 0 0 0 0 0 0 0 0 0 0 0 0 0 0 0 0 0 0 0 0 0 0 0 0 0 0 0 0 0 0 0 0 0 0 0 0 0 0 0 0 0 0 0 0 0 0 0 0 0 1 0 0
rmdir/960 0 0 0 0 0 0 0 0 0 0 0 0 0 0 0 0 0 0 0 0 0 0 0 0 0 0 0 0 0 0 0 0 0 0 0 0 0 0 0 0 0 0 0 0 0 0 0 0 0 0 0 0 0 0 0 0 0 0 0 0 0 0 0 0 0 1 0
rmdir/886 0 0 0 0 0 0 0 0 0 0 0 0 0 0 0 0 0 0 0 0 0 0 0 0 0 0 0 0 0 0 0 0 0 0 0 0 0 0 0 0 0 0 0 0 0 0 0 0 0 0 0 0 0 0 0 0 0 0 0 0 0 0 0 0 1 1 0
rmdir/830 0 0 0 0 0 0 0 0 0 0 0 0 0 0 0 0 0 0 0 0 0 0 0 0 0 0 0 0 0 0 0 0 0 0 0 0 0 0 0 0 0 0 0 0 0 0 0 0 0 0 0 0 0 0 0 0 0 0 0 0 0 0 0 0 1 1 0
rmdir/881 0 0 0 0 0 0 0 0 0 0 0 0 0 0 0 0 0 0 0 0 0 0 0 0 0 0 0 0 0 0 0 0 0 0 0 0 0 0 0 0 0 0 0 0 0 0 0 0 0 0 0 0 0 0 0 0 0 0 0 0 0 0 0 0 1 1 0
rmdir/969 0 0 0 0 0 0 0 0 0 0 0 0 0 0 0 0 0 0 0 0 0 0 0 0 0 0 0 0 0 0 0 0 0 0 0 0 0 0 0 0 0 0 0 0 0 0 0 0 0 0 0 0 0 0 0 0 0 0 0 0 0 0 0 0 0 1 0
rmdir/968 0 0 0 0 0 0 0 0 0 0 0 0 0 0 0 0 0 0 0 0 0 0 0 0 0 0 0 0 0 0 0 0 0 0 0 0 0 0 0 0 0 0 0 0 0 0 0 0 0 0 0 0 0 0 0 0 0 0 0 0 0 0 0 0 1 1 0
rmdir/76 1 1 1 1 1 1 1 1 1 1 1 1 1 1 1 1 1 1 1 1 1 1 1 1 1 1 1 1 1 1 1 1 1 1 1 1 1 1 1 1 1 1 1 1 1 1 1 1 1 1 1 1 1 1 1 1 1 1 1 1 1 1 1 1 1 1 1
rmdir/74 0 0 1 0 0 0 0 0 0 0 0 0 1 1 0 0 0 0 0 1 1 0 0 0 0 0 0 0 0 0 1 1 0 1 0 0 1 0 0 0 1 0 0 0 0 1 0 0 0 0 0 0 1 1 0 0 0 0 1 1 1 1 0 1 0 0 0
rmdir/75 1 1 1 1 1 1 1 1 1 1 1 1 1 1 1 1 1 1 1 1 1 1 1 1 1 1 1 1 1 1 1 1 1 1 1 1 1 1 1 1 1 1 1 1 1 1 1 1 1 1 1 1 1 1 1 1 1 1 1 1 1 1 1 1 1 1 1
rmdir/72 0 0 1 0 0 0 0 0 0 0 0 0 1 1 0 0 0 0 0 1 1 0 0 0 0 0 0 0 0 0 1 1 0 1 0 0 1 0 0 0 1 0 0 0 0 1 0 0 0 0 0 0 1 1 0 0 0 0 1 1 1 1 0 1 0 0 0
rmdir/73 0 0 1 0 0 0 0 0 0 0 0 0 1 1 0 0 0 0 0 1 1 0 0 0 0 0 0 0 0 0 1 1 0 1 0 0 1 0 0 0 1 0 0 0 0 1 0 0 0 0 0 0 1 1 0 0 0 0 1 1 1 1 0 1 0 0 0
rmdir/70 0 0 0 0 0 0 0 0 0 0 0 0 0 0 0 0 0 0 0 0 0 0 0 0 0 0 0 0 0 0 1 0 0 0 0 0 0 0 0 0 0 0 0 0 0 0 0 0 0 0 0 0 1 1 0 0 0 0 1 1 1 1 0 0 0 0 0
rmdir/71 0 0 0 0 0 0 0 0 0 0 0 0 0 0 0 0 0 0 0 0 0 0 0 0 0 0 0 0 0 0 1 0 0 0 0 0 0 0 0 0 0 0 0 0 0 0 0 0 0 0 0 0 1 1 0 0 0 0 1 1 1 1 0 0 0 0 0
rmdir/408 1 1 1 1 1 1 1 1 1 1 1 1 1 1 1 1 1 1 1 0 0 1 1 1 0 1 1 1 1 1 0 0 1 1 1 1 0 1 1 1 0 1 1 1 1 1 1 1 1 1 0 0 0 0 0 1 0 0 0 0 0 0 0 0 1 1 1
rmdir/409 1 1 1 1 1 1 1 1 1 1 1 1 1 1 1 1 1 1 1 0 0 1 1 1 0 1 1 1 1 1 0 0 1 1 1 1 0 1 1 1 0 1 1 1 1 1 1 1 1 1 0 0 0 0 0 1 0 0 0 0 0 0 0 0 1 1 1
rmdir/560 0 0 0 0 0 0 0 0 0 0 0 0 0 0 0 0 0 0 0 0 0 0 0 0 0 0 0 0 0 0 0 0 0 0 0 0 0 0 0 0 0 0 0 0 0 0 0 0 0 1 0 0 0 0 0 0 0 0 0 0 0 0 0 0 1 1 1
rmdir/567 0 0 0 0 0 0 0 0 0 0 0 0 0 0 0 0 0 0 0 0 0 0 0 0 0 0 0 0 0 0 0 0 0 0 0 0 0 0 0 0 0 0 0 0 0 0 0 0 0 1 0 0 0 0 0 0 0 0 0 0 0 0 0 0 1 1 1
rmdir/566 0 0 0 0 0 0 0 0 0 0 0 0 0 0 0 0 0 0 0 0 0 0 0 0 0 0 0 0 0 0 0 0 0 0 0 0 0 0 0 0 0 0 0 0 0 0 0 0 0 1 0 0 0 0 0 0 0 0 0 0 0 0 0 0 1 1 1
rmdir/565 0 0 0 0 0 0 0 0 0 0 0 0 0 0 0 0 0 0 0 0 0 0 0 0 0 0 0 0 0 0 0 0 0 0 0 0 0 0 0 0 0 0 0 0 0 0 0 0 0 1 0 0 0 0 0 0 0 0 0 0 0 0 0 0 1 1 1
rmdir/564 0 0 0 0 0 0 0 0 0 0 0 0 0 0 0 0 0 0 0 0 0 0 0 0 0 0 0 0 0 0 0 0 0 0 0 0 0 0 0 0 0 0 0 0 0 0 0 0 0 1 0 0 0 0 0 0 0 0 0 0 0 0 0 0 1 1 1
rmdir/400 1 1 1 1 1 1 1 1 1 1 1 1 1 1 1 1 1 1 1 0 0 1 1 1 0 1 1 1 1 1 0 0 1 1 1 1 0 1 1 1 0 1 1 1 1 1 1 1 1 1 0 0 0 0 0 1 0 0 0 0 0 0 0 0 1 1 1
rmdir/401 1 1 1 1 1 1 1 1 1 1 1 1 1 1 1 1 1 1 1 0 0 1 1 1 0 1 1 1 1 1 0 0 1 1 1 1 0 1 1 1 0 1 1 1 1 1 1 1 1 1 0 0 0 0 0 1 0 0 0 0 0 0 0 0 1 1 1
rmdir/402 1 1 1 1 1 1 1 1 1 1 1 1 1 1 1 1 1 1 1 0 0 1 1 1 0 1 1 1 1 1 0 0 1 1 1 1 0 1 1 1 0 1 1 1 1 1 1 1 1 1 0 0 0 0 0 1 0 0 0 0 0 0 0 0 1 1 1
rmdir/403 1 1 1 1 1 1 1 1 1 1 1 1 1 1 1 1 1 1 1 0 0 1 1 1 0 1 1 1 1 1 0 0 1 1 1 1 0 1 1 1 0 1 1 1 1 1 1 1 1 1 0 0 0 0 0 1 0 0 0 0 0 0 0 0 1 1 1
rmdir/404 1 1 1 1 1 1 1 1 1 1 1 1 1 1 1 1 1 1 1 0 0 1 1 1 0 1 1 1 1 1 0 0 1 1 1 1 0 1 1 1 0 1 1 1 1 1 1 1 1 1 0 0 0 0 0 1 0 0 0 0 0 0 0 0 1 1 1
rmdir/405 1 1 1 1 1 1 1 1 1 1 1 1 1 1 1 1 1 1 1 0 0 1 1 1 0 1 1 1 1 1 0 0 1 1 1 1 0 1 1 1 0 1 1 1 1 1 1 1 1 1 0 0 0 0 0 1 0 0 0 0 0 0 0 0 1 1 1
rmdir/406 1 1 1 1 1 1 1 1 1 1 1 1 1 1 1 1 1 1 1 0 0 1 1 1 0 1 1 1 1 1 0 0 1 1 1 1 0 1 1 1 0 1 1 1 1 1 1 1 1 1 0 0 0 0 0 1 0 0 0 0 0 0 0 0 1 1 1
rmdir/407 1 1 1 1 1 1 1 1 1 1 1 1 1 1 1 1 1 1 1 0 0 1 1 1 0 1 1 1 1 1 0 0 1 1 1 1 0 1 1 1 0 1 1 1 1 1 1 1 1 1 0 0 0 0 0 1 0 0 0 0 0 0 0 0 1 1 1
rmdir/619 0 0 0 0 0 0 0 0 0 0 0 0 0 0 0 0 0 0 0 0 0 0 0 0 0 0 0 0 0 0 0 0 0 0 0 0 0 0 0 0 0 0 0 0 0 0 0 0 0 1 0 0 0 0 0 0 0 0 0 0 0 0 0 0 1 1 1
rmdir/618 0 0 0 0 0 0 0 0 0 0 0 0 0 0 0 0 0 0 0 0 0 0 0 0 0 0 0 0 0 0 0 0 0 0 0 0 0 0 0 0 0 0 0 0 0 0 0 0 0 1 0 0 0 0 0 0 0 0 0 0 0 0 0 0 1 1 1
rmdir/657 1 0 0 0 0 0 0 0 0 0 0 0 0 0 0 0 0 0 0 0 0 0 0 0 0 0 0 0 0 1 0 0 0 0 0 0 0 1 0 0 0 0 0 0 0 0 0 0 0 1 0 0 0 0 0 1 0 0 0 0 0 0 0 0 1 1 1
rmdir/812 0 0 0 0 0 0 0 0 0 0 0 0 0 0 0 0 0 0 0 0 0 0 0 0 0 0 0 0 0 0 0 0 0 0 0 0 0 0 0 0 0 0 0 0 0 0 0 0 0 0 0 0 0 0 0 0 0 0 0 0 0 0 0 0 1 1 0
rmdir/611 0 0 0 0 0 0 0 0 0 0 0 0 0 0 0 0 0 0 0 0 0 0 0 0 0 0 0 0 0 0 0 0 0 0 0 0 0 0 0 0 0 0 0 0 0 0 0 0 0 1 0 0 0 0 0 0 0 0 0 0 0 0 0 0 1 1 1
rmdir/613 0 0 0 0 0 0 0 0 0 0 0 0 0 0 0 0 0 0 0 0 0 0 0 0 0 0 0 0 0 0 0 0 0 0 0 0 0 0 0 0 0 0 0 0 0 0 0 0 0 1 0 0 0 0 0 0 0 0 0 0 0 0 0 0 1 1 1
rmdir/612 0 0 0 0 0 0 0 0 0 0 0 0 0 0 0 0 0 0 0 0 0 0 0 0 0 0 0 0 0 0 0 0 0 0 0 0 0 0 0 0 0 0 0 0 0 0 0 0 0 1 0 0 0 0 0 0 0 0 0 0 0 0 0 0 1 1 1
rmdir/615 0 0 0 0 0 0 0 0 0 0 0 0 0 0 0 0 0 0 0 0 0 0 0 0 0 0 0 0 0 0 0 0 0 0 0 0 0 0 0 0 0 0 0 0 0 0 0 0 0 1 0 0 0 0 0 0 0 0 0 0 0 0 0 0 1 1 1
rmdir/614 0 0 0 0 0 0 0 0 0 0 0 0 0 0 0 0 0 0 0 0 0 0 0 0 0 0 0 0 0 0 0 0 0 0 0 0 0 0 0 0 0 0 0 0 0 0 0 0 0 1 0 0 0 0 0 0 0 0 0 0 0 0 0 0 1 1 1
rmdir/617 0 0 0 0 0 0 0 0 0 0 0 0 0 0 0 0 0 0 0 0 0 0 0 0 0 0 0 0 0 0 0 0 0 0 0 0 0 0 0 0 0 0 0 0 0 0 0 0 0 1 0 0 0 0 0 0 0 0 0 0 0 0 0 0 1 1 1
rmdir/616 0 0 0 0 0 0 0 0 0 0 0 0 0 0 0 0 0 0 0 0 0 0 0 0 0 0 0 0 0 0 0 0 0 0 0 0 0 0 0 0 0 0 0 0 0 0 0 0 0 1 0 0 0 0 0 0 0 0 0 0 0 0 0 0 1 1 1
rmdir/589 0 0 0 0 0 0 0 0 0 0 0 0 0 0 0 0 0 0 0 0 0 0 0 0 0 0 0 0 0 0 0 0 0 0 0 0 0 0 0 0 0 0 0 0 0 0 0 0 0 1 0 0 0 0 0 0 0 0 0 0 0 0 0 0 1 1 1
rmdir/588 0 0 0 0 0 0 0 0 0 0 0 0 0 0 0 0 0 0 0 0 0 0 0 0 0 0 0 0 0 0 0 0 0 0 0 0 0 0 0 0 0 0 0 0 0 0 0 0 0 1 0 0 0 0 0 0 0 0 0 0 0 0 0 0 1 1 1
rmdir/810 0 0 0 0 0 0 0 0 0 0 0 0 0 0 0 0 0 0 0 0 0 0 0 0 0 0 0 0 0 0 0 0 0 0 0 0 0 0 0 0 0 0 0 0 0 0 0 0 0 0 0 0 0 0 0 0 0 0 0 0 0 0 0 0 1 1 0
rmdir/581 0 0 0 0 0 0 0 0 0 0 0 0 0 0 0 0 0 0 0 0 0 0 0 0 0 0 0 0 0 0 0 0 0 0 0 0 0 0 0 0 0 0 0 0 0 0 0 0 0 1 0 0 0 0 0 0 0 0 0 0 0 0 0 0 1 1 1
rmdir/817 0 0 0 0 0 0 0 0 0 0 0 0 0 0 0 0 0 0 0 0 0 0 0 0 0 0 0 0 0 0 0 0 0 0 0 0 0 0 0 0 0 0 0 0 0 0 0 0 0 0 0 0 0 0 0 0 0 0 0 0 0 0 0 0 1 1 0
rmdir/583 0 0 0 0 0 0 0 0 0 0 0 0 0 0 0 0 0 0 0 0 0 0 0 0 0 0 0 0 0 0 0 0 0 0 0 0 0 0 0 0 0 0 0 0 0 0 0 0 0 1 0 0 0 0 0 0 0 0 0 0 0 0 0 0 1 1 1
rmdir/582 0 0 0 0 0 0 0 0 0 0 0 0 0 0 0 0 0 0 0 0 0 0 0 0 0 0 0 0 0 0 0 0 0 0 0 0 0 0 0 0 0 0 0 0 0 0 0 0 0 1 0 0 0 0 0 0 0 0 0 0 0 0 0 0 1 1 1
rmdir/585 0 0 0 0 0 0 0 0 0 0 0 0 0 0 0 0 0 0 0 0 0 0 0 0 0 0 0 0 0 0 0 0 0 0 0 0 0 0 0 0 0 0 0 0 0 0 0 0 0 1 0 0 0 0 0 0 0 0 0 0 0 0 0 0 1 1 1
rmdir/584 0 0 0 0 0 0 0 0 0 0 0 0 0 0 0 0 0 0 0 0 0 0 0 0 0 0 0 0 0 0 0 0 0 0 0 0 0 0 0 0 0 0 0 0 0 0 0 0 0 1 0 0 0 0 0 0 0 0 0 0 0 0 0 0 1 1 1
rmdir/587 0 0 0 0 0 0 0 0 0 0 0 0 0 0 0 0 0 0 0 0 0 0 0 0 0 0 0 0 0 0 0 0 0 0 0 0 0 0 0 0 0 0 0 0 0 0 0 0 0 1 0 0 0 0 0 0 0 0 0 0 0 0 0 0 1 1 1
rmdir/586 0 0 0 0 0 0 0 0 0 0 0 0 0 0 0 0 0 0 0 0 0 0 0 0 0 0 0 0 0 0 0 0 0 0 0 0 0 0 0 0 0 0 0 0 0 0 0 0 0 1 0 0 0 0 0 0 0 0 0 0 0 0 0 0 1 1 1
rmdir/815 0 0 0 0 0 0 0 0 0 0 0 0 0 0 0 0 0 0 0 0 0 0 0 0 0 0 0 0 0 0 0 0 0 0 0 0 0 0 0 0 0 0 0 0 0 0 0 0 0 0 0 0 0 0 0 0 0 0 0 0 0 0 0 0 1 1 0
rmdir/814 0 0 0 0 0 0 0 0 0 0 0 0 0 0 0 0 0 0 0 0 0 0 0 0 0 0 0 0 0 0 0 0 0 0 0 0 0 0 0 0 0 0 0 0 0 0 0 0 0 0 0 0 0 0 0 0 0 0 0 0 0 0 0 0 1 1 0
rmdir/570 0 0 0 0 0 0 0 0 0 0 0 0 0 0 0 0 0 0 0 0 0 0 0 0 0 0 0 0 0 0 0 0 0 0 0 0 0 0 0 0 0 0 0 0 0 0 0 0 0 1 0 0 0 0 0 0 0 0 0 0 0 0 0 0 1 1 1
rmdir/666 1 1 0 1 1 1 1 1 1 1 1 1 0 0 1 1 1 1 1 0 0 1 1 1 0 1 1 1 1 1 0 0 1 0 1 1 0 1 1 1 0 1 1 1 1 0 1 1 1 1 0 0 0 0 0 1 0 0 0 0 0 0 0 0 1 1 1
rmdir/660 1 1 0 1 1 1 1 1 1 1 1 1 0 0 1 1 1 1 1 0 0 1 1 1 0 1 1 1 1 1 0 0 1 0 1 1 0 1 1 1 0 1 1 1 1 0 1 1 1 1 0 0 0 0 0 1 0 0 0 0 0 0 0 0 1 1 1
rmdir/661 1 1 0 1 1 1 1 1 1 1 1 1 0 0 1 1 1 1 1 0 0 1 1 1 0 1 1 1 1 1 0 0 1 0 1 1 0 1 1 1 0 1 1 1 1 0 1 1 1 1 0 0 0 0 0 1 0 0 0 0 0 0 0 0 1 1 1
rmdir/662 1 1 0 1 1 1 1 1 1 1 1 1 0 0 1 1 1 1 1 0 0 1 1 1 0 1 1 1 1 1 0 0 1 0 1 1 0 1 1 1 0 1 1 1 1 0 1 1 1 1 0 0 0 0 0 1 0 0 0 0 0 0 0 0 1 1 1
rmdir/571 0 0 0 0 0 0 0 0 0 0 0 0 0 0 0 0 0 0 0 0 0 0 0 0 0 0 0 0 0 0 0 0 0 0 0 0 0 0 0 0 0 0 0 0 0 0 0 0 0 1 0 0 0 0 0 0 0 0 0 0 0 0 0 0 1 1 1
rmdir/923 0 0 0 0 0 0 0 0 0 0 0 0 0 0 0 0 0 0 0 0 0 0 0 0 0 0 0 0 0 0 0 0 0 0 0 0 0 0 0 0 0 0 0 0 0 0 0 0 0 0 0 0 0 0 0 0 0 0 0 0 0 0 0 0 1 1 0
rmdir/922 0 0 0 0 0 0 0 0 0 0 0 0 0 0 0 0 0 0 0 0 0 0 0 0 0 0 0 0 0 0 0 0 0 0 0 0 0 0 0 0 0 0 0 0 0 0 0 0 0 0 0 0 0 0 0 0 0 0 0 0 0 0 0 0 1 1 0
rmdir/578 0 0 0 0 0 0 0 0 0 0 0 0 0 0 0 0 0 0 0 0 0 0 0 0 0 0 0 0 0 0 0 0 0 0 0 0 0 0 0 0 0 0 0 0 0 0 0 0 0 1 0 0 0 0 0 0 0 0 0 0 0 0 0 0 1 1 1
rmdir/579 0 0 0 0 0 0 0 0 0 0 0 0 0 0 0 0 0 0 0 0 0 0 0 0 0 0 0 0 0 0 0 0 0 0 0 0 0 0 0 0 0 0 0 0 0 0 0 0 0 1 0 0 0 0 0 0 0 0 0 0 0 0 0 0 1 1 1
rmdir/747 0 0 0 0 0 0 0 0 0 0 0 0 0 0 0 0 0 0 0 0 0 0 0 0 0 0 0 0 0 0 0 0 0 0 0 0 0 0 0 0 0 0 0 0 0 0 0 0 0 1 0 0 0 0 0 0 0 0 0 0 0 0 0 0 1 1 1
rmdir/208 1 1 1 1 1 1 1 1 1 1 1 1 1 1 1 1 1 1 1 1 1 1 1 1 1 1 1 1 1 1 1 1 1 1 1 1 1 1 1 1 1 1 1 1 1 1 1 1 1 1 1 1 1 1 1 1 1 1 1 1 1 1 1 1 1 1 1
rmdir/209 1 1 1 1 1 1 1 1 1 1 1 1 1 1 1 1 1 1 1 1 1 1 1 1 1 1 1 1 1 1 1 1 1 1 1 1 1 1 1 1 1 1 1 1 1 1 1 1 1 1 1 1 1 1 1 1 1 1 1 1 1 1 1 1 1 1 1
rmdir/206 1 1 1 1 1 1 1 1 1 1 1 1 1 1 1 1 1 1 1 1 1 1 1 1 1 1 1 1 1 1 1 1 1 1 1 1 1 1 1 1 1 1 1 1 1 1 1 1 1 1 1 1 1 1 1 1 1 1 1 1 1 1 1 1 1 1 1
rmdir/207 1 1 1 1 1 1 1 1 1 1 1 1 1 1 1 1 1 1 1 1 1 1 1 1 1 1 1 1 1 1 1 1 1 1 1 1 1 1 1 1 1 1 1 1 1 1 1 1 1 1 1 1 1 1 1 1 1 1 1 1 1 1 1 1 1 1 1
rmdir/204 1 1 1 1 1 1 1 1 1 1 1 1 1 1 1 1 1 1 1 1 1 1 1 1 1 1 1 1 1 1 1 1 1 1 1 1 1 1 1 1 1 1 1 1 1 1 1 1 1 1 1 1 1 1 1 1 1 1 1 1 1 1 1 1 1 1 1
rmdir/205 1 1 1 1 1 1 1 1 1 1 1 1 1 1 1 1 1 1 1 1 1 1 1 1 1 1 1 1 1 1 1 1 1 1 1 1 1 1 1 1 1 1 1 1 1 1 1 1 1 1 1 1 1 1 1 1 1 1 1 1 1 1 1 1 1 1 1
rmdir/202 1 1 1 1 1 1 1 1 1 1 1 1 1 1 1 1 1 1 1 1 1 1 1 1 1 1 1 1 1 1 1 1 1 1 1 1 1 1 1 1 1 1 1 1 1 1 1 1 1 1 1 1 1 1 1 1 1 1 1 1 1 1 1 1 1 1 1
rmdir/203 1 1 1 1 1 1 1 1 1 1 1 1 1 1 1 1 1 1 1 1 1 1 1 1 1 1 1 1 1 1 1 1 1 1 1 1 1 1 1 1 1 1 1 1 1 1 1 1 1 1 1 1 1 1 1 1 1 1 1 1 1 1 1 1 1 1 1
rmdir/200 1 1 1 1 1 1 1 1 1 1 1 1 1 1 1 1 1 1 1 1 1 1 1 1 1 1 1 1 1 1 1 1 1 1 1 1 1 1 1 1 1 1 1 1 1 1 1 1 1 1 1 1 1 1 1 1 1 1 1 1 1 1 1 1 1 1 1
rmdir/201 1 1 1 1 1 1 1 1 1 1 1 1 1 1 1 1 1 1 1 1 1 1 1 1 1 1 1 1 1 1 1 1 1 1 1 1 1 1 1 1 1 1 1 1 1 1 1 1 1 1 1 1 1 1 1 1 1 1 1 1 1 1 1 1 1 1 1
rmdir/729 1 1 0 1 1 1 1 1 1 1 1 1 0 0 1 1 1 1 1 0 0 1 1 1 0 1 1 1 1 1 0 0 1 0 1 1 0 1 1 1 0 1 1 1 1 0 1 1 1 1 0 0 0 0 0 1 0 0 0 0 0 0 0 0 1 1 1
rmdir/728 1 1 0 1 1 1 1 1 1 1 1 1 0 0 1 1 1 1 1 0 0 1 1 1 0 1 1 1 1 1 0 0 1 0 1 1 0 1 1 1 0 1 1 1 1 0 1 1 1 1 0 0 0 0 0 1 0 0 0 0 0 0 0 0 1 1 1
rmdir/431 1 1 0 1 1 1 1 1 1 1 1 1 0 0 1 1 1 1 1 0 0 1 1 1 0 1 1 1 1 1 0 0 1 0 1 1 0 1 1 1 0 1 1 1 1 0 1 1 1 1 0 0 0 0 0 1 0 0 0 0 0 0 0 0 1 1 1
rmdir/430 1 1 0 1 1 1 1 1 1 1 1 1 0 0 1 1 1 1 1 0 0 1 1 1 0 1 1 1 1 1 0 0 1 0 1 1 0 1 1 1 0 1 1 1 1 0 1 1 1 1 0 0 0 0 0 1 0 0 0 0 0 0 0 0 1 1 1
rmdir/433 1 1 0 1 1 1 1 1 1 1 1 1 0 0 1 1 1 1 1 0 0 1 1 1 0 1 1 1 1 1 0 0 1 0 1 1 0 1 1 1 0 1 1 1 1 0 1 1 1 1 0 0 0 0 0 1 0 0 0 0 0 0 0 0 1 1 1
rmdir/432 1 1 0 1 1 1 1 1 1 1 1 1 0 0 1 1 1 1 1 0 0 1 1 1 0 1 1 1 1 1 0 0 1 0 1 1 0 1 1 1 0 1 1 1 1 0 1 1 1 1 0 0 0 0 0 1 0 0 0 0 0 0 0 0 1 1 1
rmdir/435 1 1 0 1 1 1 1 1 1 1 1 1 0 0 1 1 1 1 1 0 0 1 1 1 0 1 1 1 1 1 0 0 1 0 1 1 0 1 1 1 0 1 1 1 1 0 1 1 1 1 0 0 0 0 0 1 0 0 0 0 0 0 0 0 1 1 1
rmdir/434 1 1 0 1 1 1 1 1 1 1 1 1 0 0 1 1 1 1 1 0 0 1 1 1 0 1 1 1 1 1 0 0 1 0 1 1 0 1 1 1 0 1 1 1 1 0 1 1 1 1 0 0 0 0 0 1 0 0 0 0 0 0 0 0 1 1 1
rmdir/437 1 1 0 1 1 1 1 1 1 1 1 1 0 0 1 1 1 1 1 0 0 1 1 1 0 1 1 1 1 1 0 0 1 0 1 1 0 1 1 1 0 1 1 1 1 0 1 1 1 1 0 0 0 0 0 1 0 0 0 0 0 0 0 0 1 1 1
rmdir/436 1 1 0 1 1 1 1 1 1 1 1 1 0 0 1 1 1 1 1 0 0 1 1 1 0 1 1 1 1 1 0 0 1 0 1 1 0 1 1 1 0 1 1 1 1 0 1 1 1 1 0 0 0 0 0 1 0 0 0 0 0 0 0 0 1 1 1
rmdir/439 1 1 0 1 1 1 1 1 1 1 1 1 0 0 1 1 1 1 1 0 0 1 1 1 0 1 1 1 1 1 0 0 1 0 1 1 0 1 1 1 0 1 1 1 1 0 1 1 1 1 0 0 0 0 0 1 0 0 0 0 0 0 0 0 1 1 1
rmdir/438 1 1 0 1 1 1 1 1 1 1 1 1 0 0 1 1 1 1 1 0 0 1 1 1 0 1 1 1 1 1 0 0 1 0 1 1 0 1 1 1 0 1 1 1 1 0 1 1 1 1 0 0 0 0 0 1 0 0 0 0 0 0 0 0 1 1 1
rmdir/385 1 1 1 1 1 1 1 1 1 1 1 1 1 1 1 1 1 1 1 0 0 1 1 1 0 1 1 1 1 1 0 0 1 1 1 1 0 1 1 1 0 1 1 1 1 1 1 1 1 1 0 0 0 0 0 1 0 0 0 0 0 0 0 0 1 1 1
rmdir/384 1 1 1 1 1 1 1 1 1 1 1 1 1 1 1 1 1 1 1 0 0 1 1 1 0 1 1 1 1 1 0 0 1 1 1 1 0 1 1 1 0 1 1 1 1 1 1 1 1 1 0 0 0 0 0 1 0 0 0 0 0 0 0 0 1 1 1
rmdir/383 1 1 1 1 1 1 1 1 1 1 1 1 1 1 1 1 1 1 1 0 0 1 1 1 0 1 1 1 1 1 0 0 1 1 1 1 0 1 1 1 0 1 1 1 1 1 1 1 1 1 0 0 0 0 0 1 0 0 0 0 0 0 0 0 1 1 1
rmdir/382 1 1 1 1 1 1 1 1 1 1 1 1 1 1 1 1 1 1 1 0 0 1 1 1 0 1 1 1 1 1 0 0 1 1 1 1 0 1 1 1 0 1 1 1 1 1 1 1 1 1 0 0 0 0 0 1 0 0 0 0 0 0 0 0 1 1 1
rmdir/381 1 1 1 1 1 1 1 1 1 1 1 1 1 1 1 1 1 1 1 0 0 1 1 1 0 1 1 1 1 1 0 0 1 1 1 1 0 1 1 1 0 1 1 1 1 1 1 1 1 1 0 0 0 0 0 1 0 0 0 0 0 0 0 0 1 1 1
rmdir/380 1 1 1 1 1 1 1 1 1 1 1 1 1 1 1 1 1 1 1 0 0 1 1 1 0 1 1 1 1 1 0 0 1 1 1 1 0 1 1 1 0 1 1 1 1 1 1 1 1 1 0 0 0 0 0 1 0 0 0 0 0 0 0 0 1 1 1
rmdir/32 0 0 1 0 0 0 0 0 0 0 0 0 1 1 0 0 0 0 0 1 1 0 0 0 0 0 0 0 0 0 1 1 0 1 0 0 1 0 0 0 1 0 0 0 0 1 0 0 0 0 0 0 1 1 0 0 0 0 1 1 1 1 0 1 0 0 0
rmdir/33 0 0 1 0 0 0 0 0 0 0 0 0 1 1 0 0 0 0 0 1 1 0 0 0 0 0 0 0 0 0 1 1 0 1 0 0 1 0 0 0 1 0 0 0 0 1 0 0 0 0 0 0 1 1 0 0 0 0 1 1 1 1 0 1 0 0 0
rmdir/30 0 0 1 0 0 0 0 0 0 0 0 0 1 1 0 0 0 0 0 1 1 0 0 0 0 0 0 0 0 0 1 1 0 1 0 0 1 0 0 0 1 0 0 0 0 1 0 0 0 0 0 0 1 1 0 0 0 0 1 1 1 1 0 1 0 0 0
rmdir/31 0 0 1 0 0 0 0 0 0 0 0 0 1 1 0 0 0 0 0 1 1 0 0 0 0 0 0 0 0 0 1 1 0 1 0 0 1 0 0 0 1 0 0 0 0 1 0 0 0 0 0 0 1 1 0 0 0 0 1 1 1 1 0 1 0 0 0
rmdir/36 0 0 1 0 0 0 0 0 0 0 0 0 1 1 0 0 0 0 0 1 1 0 0 0 0 0 0 0 0 0 1 1 0 1 0 0 1 0 0 0 1 0 0 0 0 1 0 0 0 0 0 0 1 1 0 0 0 0 1 1 1 1 0 1 0 0 0
rmdir/37 0 0 1 0 0 0 0 0 0 0 0 0 1 1 0 0 0 0 0 1 1 0 0 0 0 0 0 0 0 0 1 1 0 1 0 0 1 0 0 0 1 0 0 0 0 1 0 0 0 0 0 0 1 1 0 0 0 0 1 1 1 1 0 1 0 0 0
rmdir/34 0 0 1 0 0 0 0 0 0 0 0 0 1 1 0 0 0 0 0 1 1 0 0 0 0 0 0 0 0 0 1 1 0 1 0 0 1 0 0 0 1 0 0 0 0 1 0 0 0 0 0 0 1 1 0 0 0 0 1 1 1 1 0 1 0 0 0
rmdir/35 0 0 1 0 0 0 0 0 0 0 0 0 1 1 0 0 0 0 0 1 1 0 0 0 0 0 0 0 0 0 1 1 0 1 0 0 1 0 0 0 1 0 0 0 0 1 0 0 0 0 0 0 1 1 0 0 0 0 1 1 1 1 0 1 0 0 0
rmdir/38 0 0 1 0 0 0 0 0 0 0 0 0 1 1 0 0 0 0 0 1 1 0 0 0 0 0 0 0 0 0 1 1 0 1 0 0 1 0 0 0 1 0 0 0 0 1 0 0 0 0 0 0 1 1 0 0 0 0 1 1 1 1 0 1 0 0 0
rmdir/39 0 0 1 0 0 0 0 0 0 0 0 0 1 1 0 0 0 0 0 1 1 0 0 0 0 0 0 0 0 0 1 1 0 1 0 0 1 0 0 0 1 0 0 0 0 1 0 0 0 0 0 0 1 1 0 0 0 0 1 1 1 1 0 1 0 0 0
rmdir/368 0 0 1 0 0 0 1 0 0 1 0 0 1 1 0 0 1 0 1 0 0 1 0 0 0 0 1 1 1 1 0 0 0 0 1 0 0 0 1 0 0 0 0 0 0 1 0 0 0 1 0 0 0 0 0 0 0 0 0 0 0 0 0 0 1 1 1
rmdir/721 1 1 0 1 1 1 1 1 1 1 1 1 0 0 1 1 1 1 1 0 0 1 1 1 0 1 1 1 1 1 0 0 1 0 1 1 0 1 1 1 0 1 1 1 1 0 1 1 1 1 0 0 0 0 0 1 0 0 0 0 0 0 0 0 1 1 1
rmdir/720 1 1 0 1 1 1 1 1 1 1 1 1 0 0 1 1 1 1 1 0 0 1 1 1 0 1 1 1 1 1 0 0 1 0 1 1 0 1 1 1 0 1 1 1 1 0 1 1 1 1 0 0 0 0 0 1 0 0 0 0 0 0 0 0 1 1 1
rmdir/444 1 1 0 1 1 1 1 1 1 1 1 1 0 0 1 1 1 1 1 0 0 1 1 1 0 1 1 1 1 1 0 0 1 0 1 1 0 1 1 1 0 1 1 1 1 0 1 1 1 1 0 0 0 0 0 1 0 0 0 0 0 0 0 0 1 1 1
rmdir/445 1 1 0 1 1 1 1 1 1 1 1 1 0 0 1 1 1 1 1 0 0 1 1 1 0 1 1 1 1 1 0 0 1 0 1 1 0 1 1 1 0 1 1 1 1 0 1 1 1 1 0 0 0 0 0 1 0 0 0 0 0 0 0 0 1 1 1
rmdir/446 1 1 0 1 1 1 1 1 1 1 1 1 0 0 1 1 1 1 1 0 0 1 1 1 0 1 1 1 1 1 0 0 1 0 1 1 0 1 1 1 0 1 1 1 1 0 1 1 1 1 0 0 0 0 0 1 0 0 0 0 0 0 0 0 1 1 1
rmdir/447 1 1 0 1 1 1 1 1 1 1 1 1 0 0 1 1 1 1 1 0 0 1 1 1 0 1 1 1 1 1 0 0 1 0 1 1 0 1 1 1 0 1 1 1 1 0 1 1 1 1 0 0 0 0 0 1 0 0 0 0 0 0 0 0 1 1 1
rmdir/440 1 1 0 1 1 1 1 1 1 1 1 1 0 0 1 1 1 1 1 0 0 1 1 1 0 1 1 1 1 1 0 0 1 0 1 1 0 1 1 1 0 1 1 1 1 0 1 1 1 1 0 0 0 0 0 1 0 0 0 0 0 0 0 0 1 1 1
rmdir/441 1 1 0 1 1 1 1 1 1 1 1 1 0 0 1 1 1 1 1 0 0 1 1 1 0 1 1 1 1 1 0 0 1 0 1 1 0 1 1 1 0 1 1 1 1 0 1 1 1 1 0 0 0 0 0 1 0 0 0 0 0 0 0 0 1 1 1
rmdir/442 1 1 0 1 1 1 1 1 1 1 1 1 0 0 1 1 1 1 1 0 0 1 1 1 0 1 1 1 1 1 0 0 1 0 1 1 0 1 1 1 0 1 1 1 1 0 1 1 1 1 0 0 0 0 0 1 0 0 0 0 0 0 0 0 1 1 1
rmdir/443 1 1 0 1 1 1 1 1 1 1 1 1 0 0 1 1 1 1 1 0 0 1 1 1 0 1 1 1 1 1 0 0 1 0 1 1 0 1 1 1 0 1 1 1 1 0 1 1 1 1 0 0 0 0 0 1 0 0 0 0 0 0 0 0 1 1 1
rmdir/925 0 0 0 0 0 0 0 0 0 0 0 0 0 0 0 0 0 0 0 0 0 0 0 0 0 0 0 0 0 0 0 0 0 0 0 0 0 0 0 0 0 0 0 0 0 0 0 0 0 0 0 0 0 0 0 0 0 0 0 0 0 0 0 0 1 1 0
rmdir/724 1 1 0 1 1 1 1 1 1 1 1 1 0 0 1 1 1 1 1 0 0 1 1 1 0 1 1 1 1 1 0 0 1 0 1 1 0 1 1 1 0 1 1 1 1 0 1 1 1 1 0 0 0 0 0 1 0 0 0 0 0 0 0 0 1 1 1
rmdir/727 1 1 0 1 1 1 1 1 1 1 1 1 0 0 1 1 1 1 1 0 0 1 1 1 0 1 1 1 1 1 0 0 1 0 1 1 0 1 1 1 0 1 1 1 1 0 1 1 1 1 0 0 0 0 0 1 0 0 0 0 0 0 0 0 1 1 1
rmdir/448 1 1 0 1 1 1 1 1 1 1 1 1 0 0 1 1 1 1 1 0 0 1 1 1 0 1 1 1 1 1 0 0 1 0 1 1 0 1 1 1 0 1 1 1 1 0 1 1 1 1 0 0 0 0 0 1 0 0 0 0 0 0 0 0 1 1 1
rmdir/449 1 1 0 1 1 1 1 1 1 1 1 1 0 0 1 1 1 1 1 0 0 1 1 1 0 1 1 1 1 1 0 0 1 0 1 1 0 1 1 1 0 1 1 1 1 0 1 1 1 1 0 0 0 0 0 1 0 0 0 0 0 0 0 0 1 1 1
rmdir/723 1 1 0 1 1 1 1 1 1 1 1 1 0 0 1 1 1 1 1 0 0 1 1 1 0 1 1 1 1 1 0 0 1 0 1 1 0 1 1 1 0 1 1 1 1 0 1 1 1 1 0 0 0 0 0 1 0 0 0 0 0 0 0 0 1 1 1
rmdir/722 1 1 0 1 1 1 1 1 1 1 1 1 0 0 1 1 1 1 1 0 0 1 1 1 0 1 1 1 1 1 0 0 1 0 1 1 0 1 1 1 0 1 1 1 1 0 1 1 1 1 0 0 0 0 0 1 0 0 0 0 0 0 0 0 1 1 1
