ktestMCOV MFI_KLEE_TOPDIR_TEST_TEMPLATE.sh-out/klee-out-0/test999.ktest MFI_KLEE_TOPDIR_TEST_TEMPLATE.sh-out/klee-out-0/test115.ktest MFI_KLEE_TOPDIR_TEST_TEMPLATE.sh-out/klee-out-0/test1042.ktest MFI_KLEE_TOPDIR_TEST_TEMPLATE.sh-out/klee-out-0/test1047.ktest MFI_KLEE_TOPDIR_TEST_TEMPLATE.sh-out/klee-out-0/test909.ktest MFI_KLEE_TOPDIR_TEST_TEMPLATE.sh-out/klee-out-0/test339.ktest MFI_KLEE_TOPDIR_TEST_TEMPLATE.sh-out/klee-out-0/test1144.ktest MFI_KLEE_TOPDIR_TEST_TEMPLATE.sh-out/klee-out-0/test754.ktest MFI_KLEE_TOPDIR_TEST_TEMPLATE.sh-out/klee-out-0/test1045.ktest MFI_KLEE_TOPDIR_TEST_TEMPLATE.sh-out/klee-out-0/test373.ktest MFI_KLEE_TOPDIR_TEST_TEMPLATE.sh-out/klee-out-0/test534.ktest MFI_KLEE_TOPDIR_TEST_TEMPLATE.sh-out/klee-out-0/test861.ktest MFI_KLEE_TOPDIR_TEST_TEMPLATE.sh-out/klee-out-0/test573.ktest MFI_KLEE_TOPDIR_TEST_TEMPLATE.sh-out/klee-out-0/test1276.ktest MFI_KLEE_TOPDIR_TEST_TEMPLATE.sh-out/klee-out-0/test226.ktest MFI_KLEE_TOPDIR_TEST_TEMPLATE.sh-out/klee-out-0/test671.ktest MFI_KLEE_TOPDIR_TEST_TEMPLATE.sh-out/klee-out-0/test846.ktest MFI_KLEE_TOPDIR_TEST_TEMPLATE.sh-out/klee-out-0/test1174.ktest MFI_KLEE_TOPDIR_TEST_TEMPLATE.sh-out/klee-out-0/test470.ktest MFI_KLEE_TOPDIR_TEST_TEMPLATE.sh-out/klee-out-0/test744.ktest
basename/177 1 1 1 1 1 1 1 1 1 1 1 1 1 1 1 1 1 1 1 1
basename/174 1 1 1 1 1 1 1 1 1 1 1 1 1 1 1 1 1 1 1 1
basename/173 1 1 1 1 1 1 1 1 1 1 1 1 1 1 1 1 1 1 1 1
basename/24 1 1 1 1 1 1 1 1 1 1 1 1 1 1 1 1 1 1 1 1
basename/26 1 1 1 1 1 1 1 1 1 1 1 1 1 1 1 1 1 1 1 1
basename/27 1 1 1 1 1 1 1 1 1 1 1 1 1 1 1 1 1 1 1 1
basename/28 1 1 1 1 1 1 1 1 1 1 1 1 1 1 1 1 1 1 1 1
basename/29 1 1 1 1 1 1 1 1 1 1 1 1 1 1 1 1 1 1 1 1
basename/483 1 1 1 1 1 1 1 1 1 1 1 1 1 1 1 1 1 1 1 1
basename/482 1 1 1 1 1 1 1 1 1 1 1 1 1 1 1 1 1 1 1 1
basename/481 1 1 1 1 1 1 1 1 1 1 1 1 1 1 1 1 1 1 1 1
basename/480 1 1 1 1 1 1 1 1 1 1 1 1 1 1 1 1 1 1 1 1
basename/487 1 1 1 1 1 1 1 1 1 1 1 1 1 1 1 1 1 1 1 1
basename/486 1 1 1 1 1 1 1 1 1 1 1 1 1 1 1 1 1 1 1 1
basename/485 1 1 1 1 1 1 1 1 1 1 1 1 1 1 1 1 1 1 1 1
basename/484 1 1 1 1 1 1 1 1 1 1 1 1 1 1 1 1 1 1 1 1
basename/489 1 1 1 1 1 1 1 1 1 1 1 1 1 1 1 1 1 1 1 1
basename/488 1 1 1 1 1 1 1 1 1 1 1 1 1 1 1 1 1 1 1 1
basename/418 1 1 1 1 1 1 1 1 1 1 1 1 1 1 1 1 1 1 1 1
basename/550 1 1 1 1 1 1 1 1 1 1 1 1 1 1 1 1 1 1 1 1
basename/552 1 1 1 1 1 1 1 1 1 1 1 1 1 1 1 1 1 1 1 1
basename/557 1 1 1 1 1 1 1 1 1 1 1 1 1 1 1 1 1 1 1 1
basename/556 1 1 1 1 1 1 1 1 1 1 1 1 1 1 1 1 1 1 1 1
basename/410 1 1 1 1 1 1 1 1 1 1 1 1 1 1 1 1 1 1 1 1
basename/411 1 1 1 1 1 1 1 1 1 1 1 1 1 1 1 1 1 1 1 1
basename/412 1 1 1 1 1 1 1 1 1 1 1 1 1 1 1 1 1 1 1 1
basename/413 1 1 1 1 1 1 1 1 1 1 1 1 1 1 1 1 1 1 1 1
basename/414 1 1 1 1 1 1 1 1 1 1 1 1 1 1 1 1 1 1 1 1
basename/415 1 1 1 1 1 1 1 1 1 1 1 1 1 1 1 1 1 1 1 1
basename/416 1 1 1 1 1 1 1 1 1 1 1 1 1 1 1 1 1 1 1 1
basename/417 1 1 1 1 1 1 1 1 1 1 1 1 1 1 1 1 1 1 1 1
basename/322 1 0 0 0 0 0 1 0 0 1 0 1 0 0 0 0 0 1 1 1
basename/509 1 1 1 1 1 1 1 1 1 1 1 1 1 1 1 1 1 1 1 1
basename/524 1 1 1 1 1 1 1 1 1 1 1 1 1 1 1 1 1 1 1 1
basename/525 1 1 1 1 1 1 1 1 1 1 1 1 1 1 1 1 1 1 1 1
basename/526 1 1 1 1 1 1 1 1 1 1 1 1 1 1 1 1 1 1 1 1
basename/527 1 1 1 1 1 1 1 1 1 1 1 1 1 1 1 1 1 1 1 1
basename/252 1 1 1 1 1 1 1 1 1 1 1 1 1 1 1 1 1 1 1 1
basename/253 1 1 1 1 1 1 1 1 1 1 1 1 1 1 1 1 1 1 1 1
basename/250 1 1 1 1 1 1 1 1 1 1 1 1 1 1 1 1 1 1 1 1
basename/523 1 1 1 1 1 1 1 1 1 1 1 1 1 1 1 1 1 1 1 1
basename/151 1 1 1 1 1 1 1 1 1 1 1 1 1 1 1 1 1 1 1 1
basename/150 1 1 1 1 1 1 1 1 1 1 1 1 1 1 1 1 1 1 1 1
basename/258 1 1 1 1 1 1 1 1 1 1 1 1 1 1 1 1 1 1 1 1
basename/259 1 1 1 1 1 1 1 1 1 1 1 1 1 1 1 1 1 1 1 1
basename/169 1 1 1 1 1 1 1 1 1 1 1 1 1 1 1 1 1 1 1 1
basename/569 1 1 1 1 1 1 1 1 1 1 1 1 1 1 1 1 1 1 1 1
basename/560 1 1 1 1 1 1 1 1 1 1 1 1 1 1 1 1 1 1 1 1
basename/561 1 1 1 1 1 1 1 1 1 1 1 1 1 1 1 1 1 1 1 1
basename/562 1 1 1 1 1 1 1 1 1 1 1 1 1 1 1 1 1 1 1 1
basename/563 1 1 1 1 1 1 1 1 1 1 1 1 1 1 1 1 1 1 1 1
basename/564 1 1 1 1 1 1 1 1 1 1 1 1 1 1 1 1 1 1 1 1
basename/565 1 1 1 1 1 1 1 1 1 1 1 1 1 1 1 1 1 1 1 1
basename/567 1 1 1 1 1 1 1 1 1 1 1 1 1 1 1 1 1 1 1 1
basename/447 1 1 1 1 1 1 1 1 1 1 1 1 1 1 1 1 1 1 1 1
basename/442 1 1 1 1 1 1 1 1 1 1 1 1 1 1 1 1 1 1 1 1
basename/441 1 1 1 1 1 1 1 1 1 1 1 1 1 1 1 1 1 1 1 1
basename/236 1 1 1 1 1 1 1 1 1 1 1 1 1 1 1 1 1 1 1 1
basename/366 1 1 1 1 1 1 1 1 1 1 1 1 1 1 1 1 1 1 1 1
basename/367 1 1 1 1 1 1 1 1 1 1 1 1 1 1 1 1 1 1 1 1
basename/365 1 1 1 1 1 1 1 1 1 1 1 1 1 1 1 1 1 1 1 1
basename/360 1 1 1 1 1 1 1 1 1 1 1 1 1 1 1 1 1 1 1 1
basename/368 1 1 1 1 1 1 1 1 1 1 1 1 1 1 1 1 1 1 1 1
basename/369 1 1 1 1 1 1 1 1 1 1 1 1 1 1 1 1 1 1 1 1
basename/238 1 1 1 1 1 1 1 1 1 1 1 1 1 1 1 1 1 1 1 1
basename/239 1 1 1 1 1 1 1 1 1 1 1 1 1 1 1 1 1 1 1 1
basename/388 1 1 1 1 1 1 1 1 1 1 1 1 1 1 1 1 1 1 1 1
basename/389 1 1 1 1 1 1 1 1 1 1 1 1 1 1 1 1 1 1 1 1
basename/617 1 1 1 1 1 1 1 1 1 1 1 1 1 1 1 1 1 1 1 1
basename/384 1 1 1 1 1 1 1 1 1 1 1 1 1 1 1 1 1 1 1 1
basename/385 1 1 1 1 1 1 1 1 1 1 1 1 1 1 1 1 1 1 1 1
basename/386 1 1 1 1 1 1 1 1 1 1 1 1 1 1 1 1 1 1 1 1
basename/387 1 1 1 1 1 1 1 1 1 1 1 1 1 1 1 1 1 1 1 1
basename/380 1 1 1 1 1 1 1 1 1 1 1 1 1 1 1 1 1 1 1 1
basename/381 1 1 1 1 1 1 1 1 1 1 1 1 1 1 1 1 1 1 1 1
basename/382 1 1 1 1 1 1 1 1 1 1 1 1 1 1 1 1 1 1 1 1
basename/383 1 1 1 1 1 1 1 1 1 1 1 1 1 1 1 1 1 1 1 1
basename/611 1 1 1 1 1 1 1 1 1 1 1 1 1 1 1 1 1 1 1 1
basename/371 1 1 1 1 1 1 1 1 1 1 1 1 1 1 1 1 1 1 1 1
basename/370 1 1 1 1 1 1 1 1 1 1 1 1 1 1 1 1 1 1 1 1
basename/379 1 1 1 1 1 1 1 1 1 1 1 1 1 1 1 1 1 1 1 1
basename/378 1 1 1 1 1 1 1 1 1 1 1 1 1 1 1 1 1 1 1 1
basename/409 1 1 1 1 1 1 1 1 1 1 1 1 1 1 1 1 1 1 1 1
basename/408 1 1 1 1 1 1 1 1 1 1 1 1 1 1 1 1 1 1 1 1
basename/403 1 1 1 1 1 1 1 1 1 1 1 1 1 1 1 1 1 1 1 1
basename/402 1 1 1 1 1 1 1 1 1 1 1 1 1 1 1 1 1 1 1 1
basename/401 1 1 1 1 1 1 1 1 1 1 1 1 1 1 1 1 1 1 1 1
basename/400 1 1 1 1 1 1 1 1 1 1 1 1 1 1 1 1 1 1 1 1
basename/407 1 1 1 1 1 1 1 1 1 1 1 1 1 1 1 1 1 1 1 1
basename/406 1 1 1 1 1 1 1 1 1 1 1 1 1 1 1 1 1 1 1 1
basename/405 1 1 1 1 1 1 1 1 1 1 1 1 1 1 1 1 1 1 1 1
basename/404 1 1 1 1 1 1 1 1 1 1 1 1 1 1 1 1 1 1 1 1
basename/82 1 1 1 1 1 1 1 1 1 1 1 1 1 1 1 1 1 1 1 1
basename/83 1 1 1 1 1 1 1 1 1 1 1 1 1 1 1 1 1 1 1 1
basename/85 1 1 1 1 1 1 1 1 1 1 1 1 1 1 1 1 1 1 1 1
basename/235 1 1 1 1 1 1 1 1 1 1 1 1 1 1 1 1 1 1 1 1
basename/588 1 1 1 1 1 1 1 1 1 1 1 1 1 1 1 1 1 1 1 1
basename/237 1 1 1 1 1 1 1 1 1 1 1 1 1 1 1 1 1 1 1 1
basename/230 1 1 1 1 1 1 1 1 1 1 1 1 1 1 1 1 1 1 1 1
basename/231 1 1 1 1 1 1 1 1 1 1 1 1 1 1 1 1 1 1 1 1
basename/232 1 1 1 1 1 1 1 1 1 1 1 1 1 1 1 1 1 1 1 1
basename/582 1 1 1 1 1 1 1 1 1 1 1 1 1 1 1 1 1 1 1 1
basename/583 1 1 1 1 1 1 1 1 1 1 1 1 1 1 1 1 1 1 1 1
basename/580 1 1 1 1 1 1 1 1 1 1 1 1 1 1 1 1 1 1 1 1
basename/581 1 1 1 1 1 1 1 1 1 1 1 1 1 1 1 1 1 1 1 1
basename/586 1 1 1 1 1 1 1 1 1 1 1 1 1 1 1 1 1 1 1 1
basename/587 1 1 1 1 1 1 1 1 1 1 1 1 1 1 1 1 1 1 1 1
basename/584 1 1 1 1 1 1 1 1 1 1 1 1 1 1 1 1 1 1 1 1
basename/241 1 1 1 1 1 1 1 1 1 1 1 1 1 1 1 1 1 1 1 1
basename/240 1 1 1 1 1 1 1 1 1 1 1 1 1 1 1 1 1 1 1 1
basename/243 1 1 1 1 1 1 1 1 1 1 1 1 1 1 1 1 1 1 1 1
basename/537 1 1 1 1 1 1 1 1 1 1 1 1 1 1 1 1 1 1 1 1
basename/536 1 1 1 1 1 1 1 1 1 1 1 1 1 1 1 1 1 1 1 1
basename/535 1 1 1 1 1 1 1 1 1 1 1 1 1 1 1 1 1 1 1 1
basename/242 1 1 1 1 1 1 1 1 1 1 1 1 1 1 1 1 1 1 1 1
basename/533 1 1 1 1 1 1 1 1 1 1 1 1 1 1 1 1 1 1 1 1
basename/532 1 1 1 1 1 1 1 1 1 1 1 1 1 1 1 1 1 1 1 1
basename/531 1 1 1 1 1 1 1 1 1 1 1 1 1 1 1 1 1 1 1 1
basename/530 1 1 1 1 1 1 1 1 1 1 1 1 1 1 1 1 1 1 1 1
basename/120 1 1 1 1 1 1 1 1 1 1 1 1 1 1 1 1 1 1 1 1
basename/245 1 1 1 1 1 1 1 1 1 1 1 1 1 1 1 1 1 1 1 1
basename/539 1 1 1 1 1 1 1 1 1 1 1 1 1 1 1 1 1 1 1 1
basename/247 1 1 1 1 1 1 1 1 1 1 1 1 1 1 1 1 1 1 1 1
basename/246 1 1 1 1 1 1 1 1 1 1 1 1 1 1 1 1 1 1 1 1
basename/249 1 1 1 1 1 1 1 1 1 1 1 1 1 1 1 1 1 1 1 1
basename/248 1 1 1 1 1 1 1 1 1 1 1 1 1 1 1 1 1 1 1 1
basename/188 1 1 1 1 1 1 1 1 1 1 1 1 1 1 1 1 1 1 1 1
basename/339 1 0 0 0 0 0 1 0 0 1 0 1 0 0 0 0 0 1 1 1
basename/338 1 0 0 0 0 0 1 0 0 1 0 1 0 0 0 0 0 1 1 1
basename/337 1 0 0 0 0 0 1 0 0 1 0 1 0 0 0 0 0 1 1 1
basename/336 1 0 0 0 0 0 1 0 0 1 0 1 0 0 0 0 0 1 1 1
basename/189 1 1 1 1 1 1 1 1 1 1 1 1 1 1 1 1 1 1 1 1
basename/51 1 1 1 1 1 1 1 1 1 1 1 1 1 1 1 1 1 1 1 1
basename/50 1 1 1 1 1 1 1 1 1 1 1 1 1 1 1 1 1 1 1 1
basename/52 1 1 1 1 1 1 1 1 1 1 1 1 1 1 1 1 1 1 1 1
basename/551 1 1 1 1 1 1 1 1 1 1 1 1 1 1 1 1 1 1 1 1
basename/419 1 1 1 1 1 1 1 1 1 1 1 1 1 1 1 1 1 1 1 1
basename/229 1 1 1 1 1 1 1 1 1 1 1 1 1 1 1 1 1 1 1 1
basename/559 1 1 1 1 1 1 1 1 1 1 1 1 1 1 1 1 1 1 1 1
basename/558 1 1 1 1 1 1 1 1 1 1 1 1 1 1 1 1 1 1 1 1
basename/1 1 1 1 1 1 1 1 1 1 1 1 1 1 1 1 1 1 1 1 1
basename/176 1 1 1 1 1 1 1 1 1 1 1 1 1 1 1 1 1 1 1 1
basename/2 1 1 1 1 1 1 1 1 1 1 1 1 1 1 1 1 1 1 1 1
basename/5 1 1 1 1 1 1 1 1 1 1 1 1 1 1 1 1 1 1 1 1
basename/171 1 1 1 1 1 1 1 1 1 1 1 1 1 1 1 1 1 1 1 1
basename/170 1 1 1 1 1 1 1 1 1 1 1 1 1 1 1 1 1 1 1 1
basename/179 1 1 1 1 1 1 1 1 1 1 1 1 1 1 1 1 1 1 1 1
basename/178 1 1 1 1 1 1 1 1 1 1 1 1 1 1 1 1 1 1 1 1
basename/579 1 1 1 1 1 1 1 1 1 1 1 1 1 1 1 1 1 1 1 1
basename/578 1 1 1 1 1 1 1 1 1 1 1 1 1 1 1 1 1 1 1 1
basename/573 1 1 1 1 1 1 1 1 1 1 1 1 1 1 1 1 1 1 1 1
basename/572 1 1 1 1 1 1 1 1 1 1 1 1 1 1 1 1 1 1 1 1
basename/571 1 1 1 1 1 1 1 1 1 1 1 1 1 1 1 1 1 1 1 1
basename/570 1 1 1 1 1 1 1 1 1 1 1 1 1 1 1 1 1 1 1 1
basename/577 1 1 1 1 1 1 1 1 1 1 1 1 1 1 1 1 1 1 1 1
basename/576 1 1 1 1 1 1 1 1 1 1 1 1 1 1 1 1 1 1 1 1
basename/575 1 1 1 1 1 1 1 1 1 1 1 1 1 1 1 1 1 1 1 1
basename/574 1 1 1 1 1 1 1 1 1 1 1 1 1 1 1 1 1 1 1 1
basename/472 1 1 1 1 1 1 1 1 1 1 1 1 1 1 1 1 1 1 1 1
basename/473 1 1 1 1 1 1 1 1 1 1 1 1 1 1 1 1 1 1 1 1
basename/470 1 1 1 1 1 1 1 1 1 1 1 1 1 1 1 1 1 1 1 1
basename/471 1 1 1 1 1 1 1 1 1 1 1 1 1 1 1 1 1 1 1 1
basename/476 1 1 1 1 1 1 1 1 1 1 1 1 1 1 1 1 1 1 1 1
basename/477 1 1 1 1 1 1 1 1 1 1 1 1 1 1 1 1 1 1 1 1
basename/474 1 1 1 1 1 1 1 1 1 1 1 1 1 1 1 1 1 1 1 1
basename/475 1 1 1 1 1 1 1 1 1 1 1 1 1 1 1 1 1 1 1 1
basename/478 1 1 1 1 1 1 1 1 1 1 1 1 1 1 1 1 1 1 1 1
basename/479 1 1 1 1 1 1 1 1 1 1 1 1 1 1 1 1 1 1 1 1
basename/278 1 0 0 0 0 0 1 0 0 1 0 1 0 0 0 0 0 1 1 1
basename/279 1 0 0 0 0 0 1 0 0 1 0 1 0 0 0 0 0 1 1 1
basename/373 1 1 1 1 1 1 1 1 1 1 1 1 1 1 1 1 1 1 1 1
basename/372 1 1 1 1 1 1 1 1 1 1 1 1 1 1 1 1 1 1 1 1
basename/375 1 1 1 1 1 1 1 1 1 1 1 1 1 1 1 1 1 1 1 1
basename/374 1 1 1 1 1 1 1 1 1 1 1 1 1 1 1 1 1 1 1 1
basename/377 1 1 1 1 1 1 1 1 1 1 1 1 1 1 1 1 1 1 1 1
basename/376 1 1 1 1 1 1 1 1 1 1 1 1 1 1 1 1 1 1 1 1
basename/270 1 0 0 0 0 0 1 0 0 1 0 1 0 0 0 0 0 1 1 1
basename/271 1 0 0 0 0 0 1 0 0 1 0 1 0 0 0 0 0 1 1 1
basename/272 1 0 0 0 0 0 1 0 0 1 0 1 0 0 0 0 0 1 1 1
basename/273 1 0 0 0 0 0 1 0 0 1 0 1 0 0 0 0 0 1 1 1
basename/274 1 0 0 0 0 0 1 0 0 1 0 1 0 0 0 0 0 1 1 1
basename/275 1 0 0 0 0 0 1 0 0 1 0 1 0 0 0 0 0 1 1 1
basename/276 1 0 0 0 0 0 1 0 0 1 0 1 0 0 0 0 0 1 1 1
basename/277 1 0 0 0 0 0 1 0 0 1 0 1 0 0 0 0 0 1 1 1
basename/399 1 1 1 1 1 1 1 1 1 1 1 1 1 1 1 1 1 1 1 1
basename/398 1 1 1 1 1 1 1 1 1 1 1 1 1 1 1 1 1 1 1 1
basename/397 1 1 1 1 1 1 1 1 1 1 1 1 1 1 1 1 1 1 1 1
basename/396 1 1 1 1 1 1 1 1 1 1 1 1 1 1 1 1 1 1 1 1
basename/395 1 1 1 1 1 1 1 1 1 1 1 1 1 1 1 1 1 1 1 1
basename/394 1 1 1 1 1 1 1 1 1 1 1 1 1 1 1 1 1 1 1 1
basename/393 1 1 1 1 1 1 1 1 1 1 1 1 1 1 1 1 1 1 1 1
basename/392 1 1 1 1 1 1 1 1 1 1 1 1 1 1 1 1 1 1 1 1
basename/391 1 1 1 1 1 1 1 1 1 1 1 1 1 1 1 1 1 1 1 1
basename/390 1 1 1 1 1 1 1 1 1 1 1 1 1 1 1 1 1 1 1 1
basename/213 1 1 1 1 1 1 1 1 1 1 1 1 1 1 1 1 1 1 1 1
basename/534 1 1 1 1 1 1 1 1 1 1 1 1 1 1 1 1 1 1 1 1
basename/436 1 1 1 1 1 1 1 1 1 1 1 1 1 1 1 1 1 1 1 1
basename/437 1 1 1 1 1 1 1 1 1 1 1 1 1 1 1 1 1 1 1 1
basename/434 1 1 1 1 1 1 1 1 1 1 1 1 1 1 1 1 1 1 1 1
basename/435 1 1 1 1 1 1 1 1 1 1 1 1 1 1 1 1 1 1 1 1
basename/432 1 1 1 1 1 1 1 1 1 1 1 1 1 1 1 1 1 1 1 1
basename/433 1 1 1 1 1 1 1 1 1 1 1 1 1 1 1 1 1 1 1 1
basename/430 1 1 1 1 1 1 1 1 1 1 1 1 1 1 1 1 1 1 1 1
basename/431 1 1 1 1 1 1 1 1 1 1 1 1 1 1 1 1 1 1 1 1
basename/215 1 1 1 1 1 1 1 1 1 1 1 1 1 1 1 1 1 1 1 1
basename/438 1 1 1 1 1 1 1 1 1 1 1 1 1 1 1 1 1 1 1 1
basename/439 1 1 1 1 1 1 1 1 1 1 1 1 1 1 1 1 1 1 1 1
basename/193 1 1 1 1 1 1 1 1 1 1 1 1 1 1 1 1 1 1 1 1
basename/227 1 1 1 1 1 1 1 1 1 1 1 1 1 1 1 1 1 1 1 1
basename/594 1 1 1 1 1 1 1 1 1 1 1 1 1 1 1 1 1 1 1 1
basename/225 1 1 1 1 1 1 1 1 1 1 1 1 1 1 1 1 1 1 1 1
basename/596 1 1 1 1 1 1 1 1 1 1 1 1 1 1 1 1 1 1 1 1
basename/591 1 1 1 1 1 1 1 1 1 1 1 1 1 1 1 1 1 1 1 1
basename/222 1 1 1 1 1 1 1 1 1 1 1 1 1 1 1 1 1 1 1 1
basename/593 1 1 1 1 1 1 1 1 1 1 1 1 1 1 1 1 1 1 1 1
basename/592 1 1 1 1 1 1 1 1 1 1 1 1 1 1 1 1 1 1 1 1
basename/185 1 1 1 1 1 1 1 1 1 1 1 1 1 1 1 1 1 1 1 1
basename/182 1 1 1 1 1 1 1 1 1 1 1 1 1 1 1 1 1 1 1 1
basename/598 1 1 1 1 1 1 1 1 1 1 1 1 1 1 1 1 1 1 1 1
basename/180 1 1 1 1 1 1 1 1 1 1 1 1 1 1 1 1 1 1 1 1
basename/181 1 1 1 1 1 1 1 1 1 1 1 1 1 1 1 1 1 1 1 1
basename/502 1 1 1 1 1 1 1 1 1 1 1 1 1 1 1 1 1 1 1 1
basename/503 1 1 1 1 1 1 1 1 1 1 1 1 1 1 1 1 1 1 1 1
basename/500 1 1 1 1 1 1 1 1 1 1 1 1 1 1 1 1 1 1 1 1
basename/501 1 1 1 1 1 1 1 1 1 1 1 1 1 1 1 1 1 1 1 1
basename/506 1 1 1 1 1 1 1 1 1 1 1 1 1 1 1 1 1 1 1 1
basename/507 1 1 1 1 1 1 1 1 1 1 1 1 1 1 1 1 1 1 1 1
basename/504 1 1 1 1 1 1 1 1 1 1 1 1 1 1 1 1 1 1 1 1
basename/505 1 1 1 1 1 1 1 1 1 1 1 1 1 1 1 1 1 1 1 1
basename/508 1 1 1 1 1 1 1 1 1 1 1 1 1 1 1 1 1 1 1 1
basename/130 1 1 1 1 1 1 1 1 1 1 1 1 1 1 1 1 1 1 1 1
basename/256 1 1 1 1 1 1 1 1 1 1 1 1 1 1 1 1 1 1 1 1
basename/618 1 1 1 1 1 1 1 1 1 1 1 1 1 1 1 1 1 1 1 1
basename/616 1 1 1 1 1 1 1 1 1 1 1 1 1 1 1 1 1 1 1 1
basename/520 1 1 1 1 1 1 1 1 1 1 1 1 1 1 1 1 1 1 1 1
basename/614 1 1 1 1 1 1 1 1 1 1 1 1 1 1 1 1 1 1 1 1
basename/615 1 1 1 1 1 1 1 1 1 1 1 1 1 1 1 1 1 1 1 1
basename/612 1 1 1 1 1 1 1 1 1 1 1 1 1 1 1 1 1 1 1 1
basename/613 1 1 1 1 1 1 1 1 1 1 1 1 1 1 1 1 1 1 1 1
basename/610 1 1 1 1 1 1 1 1 1 1 1 1 1 1 1 1 1 1 1 1
basename/521 1 1 1 1 1 1 1 1 1 1 1 1 1 1 1 1 1 1 1 1
basename/522 1 1 1 1 1 1 1 1 1 1 1 1 1 1 1 1 1 1 1 1
basename/47 1 1 1 1 1 1 1 1 1 1 1 1 1 1 1 1 1 1 1 1
basename/44 1 1 1 1 1 1 1 1 1 1 1 1 1 1 1 1 1 1 1 1
basename/45 1 1 1 1 1 1 1 1 1 1 1 1 1 1 1 1 1 1 1 1
basename/40 1 1 1 1 1 1 1 1 1 1 1 1 1 1 1 1 1 1 1 1
basename/41 1 1 1 1 1 1 1 1 1 1 1 1 1 1 1 1 1 1 1 1
basename/48 1 1 1 1 1 1 1 1 1 1 1 1 1 1 1 1 1 1 1 1
basename/49 1 1 1 1 1 1 1 1 1 1 1 1 1 1 1 1 1 1 1 1
basename/528 1 1 1 1 1 1 1 1 1 1 1 1 1 1 1 1 1 1 1 1
basename/529 1 1 1 1 1 1 1 1 1 1 1 1 1 1 1 1 1 1 1 1
basename/516 1 1 1 1 1 1 1 1 1 1 1 1 1 1 1 1 1 1 1 1
basename/33 1 1 1 1 1 1 1 1 1 1 1 1 1 1 1 1 1 1 1 1
basename/32 1 1 1 1 1 1 1 1 1 1 1 1 1 1 1 1 1 1 1 1
basename/30 1 1 1 1 1 1 1 1 1 1 1 1 1 1 1 1 1 1 1 1
basename/35 1 1 1 1 1 1 1 1 1 1 1 1 1 1 1 1 1 1 1 1
basename/34 1 1 1 1 1 1 1 1 1 1 1 1 1 1 1 1 1 1 1 1
basename/39 1 1 1 1 1 1 1 1 1 1 1 1 1 1 1 1 1 1 1 1
basename/38 1 1 1 1 1 1 1 1 1 1 1 1 1 1 1 1 1 1 1 1
basename/490 1 1 1 1 1 1 1 1 1 1 1 1 1 1 1 1 1 1 1 1
basename/491 1 1 1 1 1 1 1 1 1 1 1 1 1 1 1 1 1 1 1 1
basename/492 1 1 1 1 1 1 1 1 1 1 1 1 1 1 1 1 1 1 1 1
basename/493 1 1 1 1 1 1 1 1 1 1 1 1 1 1 1 1 1 1 1 1
basename/494 1 1 1 1 1 1 1 1 1 1 1 1 1 1 1 1 1 1 1 1
basename/495 1 1 1 1 1 1 1 1 1 1 1 1 1 1 1 1 1 1 1 1
basename/496 1 1 1 1 1 1 1 1 1 1 1 1 1 1 1 1 1 1 1 1
basename/497 1 1 1 1 1 1 1 1 1 1 1 1 1 1 1 1 1 1 1 1
basename/498 1 1 1 1 1 1 1 1 1 1 1 1 1 1 1 1 1 1 1 1
basename/499 1 1 1 1 1 1 1 1 1 1 1 1 1 1 1 1 1 1 1 1
basename/149 1 1 1 1 1 1 1 1 1 1 1 1 1 1 1 1 1 1 1 1
basename/542 1 1 1 1 1 1 1 1 1 1 1 1 1 1 1 1 1 1 1 1
basename/543 1 1 1 1 1 1 1 1 1 1 1 1 1 1 1 1 1 1 1 1
basename/546 1 1 1 1 1 1 1 1 1 1 1 1 1 1 1 1 1 1 1 1
basename/547 1 1 1 1 1 1 1 1 1 1 1 1 1 1 1 1 1 1 1 1
basename/544 1 1 1 1 1 1 1 1 1 1 1 1 1 1 1 1 1 1 1 1
basename/545 1 1 1 1 1 1 1 1 1 1 1 1 1 1 1 1 1 1 1 1
basename/469 1 1 1 1 1 1 1 1 1 1 1 1 1 1 1 1 1 1 1 1
basename/468 1 1 1 1 1 1 1 1 1 1 1 1 1 1 1 1 1 1 1 1
basename/540 1 1 1 1 1 1 1 1 1 1 1 1 1 1 1 1 1 1 1 1
basename/541 1 1 1 1 1 1 1 1 1 1 1 1 1 1 1 1 1 1 1 1
basename/465 1 1 1 1 1 1 1 1 1 1 1 1 1 1 1 1 1 1 1 1
basename/464 1 1 1 1 1 1 1 1 1 1 1 1 1 1 1 1 1 1 1 1
basename/467 1 1 1 1 1 1 1 1 1 1 1 1 1 1 1 1 1 1 1 1
basename/466 1 1 1 1 1 1 1 1 1 1 1 1 1 1 1 1 1 1 1 1
basename/461 1 1 1 1 1 1 1 1 1 1 1 1 1 1 1 1 1 1 1 1
basename/460 1 1 1 1 1 1 1 1 1 1 1 1 1 1 1 1 1 1 1 1
basename/463 1 1 1 1 1 1 1 1 1 1 1 1 1 1 1 1 1 1 1 1
basename/462 1 1 1 1 1 1 1 1 1 1 1 1 1 1 1 1 1 1 1 1
basename/314 1 0 0 0 0 0 1 0 0 1 0 1 0 0 0 0 0 1 1 1
basename/313 1 0 0 0 0 0 1 0 0 1 0 1 0 0 0 0 0 1 1 1
basename/548 1 1 1 1 1 1 1 1 1 1 1 1 1 1 1 1 1 1 1 1
basename/549 1 1 1 1 1 1 1 1 1 1 1 1 1 1 1 1 1 1 1 1
basename/269 1 0 0 0 0 0 1 0 0 1 0 1 0 0 0 0 0 1 1 1
basename/268 1 0 0 0 0 0 1 0 0 1 0 1 0 0 0 0 0 1 1 1
basename/263 1 0 0 0 0 0 1 0 0 1 0 1 0 0 0 0 0 1 1 1
basename/262 1 0 0 0 0 0 1 0 0 1 0 1 0 0 0 0 0 1 1 1
basename/261 1 0 0 0 0 0 1 0 0 1 0 1 0 0 0 0 0 1 1 1
basename/260 1 1 1 1 1 1 1 1 1 1 1 1 1 1 1 1 1 1 1 1
basename/267 1 0 0 0 0 0 1 0 0 1 0 1 0 0 0 0 0 1 1 1
basename/266 1 0 0 0 0 0 1 0 0 1 0 1 0 0 0 0 0 1 1 1
basename/265 1 0 0 0 0 0 1 0 0 1 0 1 0 0 0 0 0 1 1 1
basename/264 1 0 0 0 0 0 1 0 0 1 0 1 0 0 0 0 0 1 1 1
basename/421 1 1 1 1 1 1 1 1 1 1 1 1 1 1 1 1 1 1 1 1
basename/420 1 1 1 1 1 1 1 1 1 1 1 1 1 1 1 1 1 1 1 1
basename/423 1 1 1 1 1 1 1 1 1 1 1 1 1 1 1 1 1 1 1 1
basename/422 1 1 1 1 1 1 1 1 1 1 1 1 1 1 1 1 1 1 1 1
basename/425 1 1 1 1 1 1 1 1 1 1 1 1 1 1 1 1 1 1 1 1
basename/424 1 1 1 1 1 1 1 1 1 1 1 1 1 1 1 1 1 1 1 1
basename/427 1 1 1 1 1 1 1 1 1 1 1 1 1 1 1 1 1 1 1 1
basename/426 1 1 1 1 1 1 1 1 1 1 1 1 1 1 1 1 1 1 1 1
basename/429 1 1 1 1 1 1 1 1 1 1 1 1 1 1 1 1 1 1 1 1
basename/428 1 1 1 1 1 1 1 1 1 1 1 1 1 1 1 1 1 1 1 1
basename/595 1 1 1 1 1 1 1 1 1 1 1 1 1 1 1 1 1 1 1 1
basename/211 1 1 1 1 1 1 1 1 1 1 1 1 1 1 1 1 1 1 1 1
basename/216 1 1 1 1 1 1 1 1 1 1 1 1 1 1 1 1 1 1 1 1
basename/217 1 1 1 1 1 1 1 1 1 1 1 1 1 1 1 1 1 1 1 1
basename/214 1 1 1 1 1 1 1 1 1 1 1 1 1 1 1 1 1 1 1 1
basename/226 1 1 1 1 1 1 1 1 1 1 1 1 1 1 1 1 1 1 1 1
basename/218 1 1 1 1 1 1 1 1 1 1 1 1 1 1 1 1 1 1 1 1
basename/219 1 1 1 1 1 1 1 1 1 1 1 1 1 1 1 1 1 1 1 1
basename/597 1 1 1 1 1 1 1 1 1 1 1 1 1 1 1 1 1 1 1 1
basename/224 1 1 1 1 1 1 1 1 1 1 1 1 1 1 1 1 1 1 1 1
basename/223 1 1 1 1 1 1 1 1 1 1 1 1 1 1 1 1 1 1 1 1
basename/590 1 1 1 1 1 1 1 1 1 1 1 1 1 1 1 1 1 1 1 1
basename/519 1 1 1 1 1 1 1 1 1 1 1 1 1 1 1 1 1 1 1 1
basename/518 1 1 1 1 1 1 1 1 1 1 1 1 1 1 1 1 1 1 1 1
basename/515 1 1 1 1 1 1 1 1 1 1 1 1 1 1 1 1 1 1 1 1
basename/514 1 1 1 1 1 1 1 1 1 1 1 1 1 1 1 1 1 1 1 1
basename/517 1 1 1 1 1 1 1 1 1 1 1 1 1 1 1 1 1 1 1 1
basename/220 1 1 1 1 1 1 1 1 1 1 1 1 1 1 1 1 1 1 1 1
basename/511 1 1 1 1 1 1 1 1 1 1 1 1 1 1 1 1 1 1 1 1
basename/510 1 1 1 1 1 1 1 1 1 1 1 1 1 1 1 1 1 1 1 1
basename/513 1 1 1 1 1 1 1 1 1 1 1 1 1 1 1 1 1 1 1 1
basename/512 1 1 1 1 1 1 1 1 1 1 1 1 1 1 1 1 1 1 1 1
basename/106 1 1 1 1 1 1 1 1 1 1 1 1 1 1 1 1 1 1 1 1
basename/457 1 1 1 1 1 1 1 1 1 1 1 1 1 1 1 1 1 1 1 1
basename/450 1 1 1 1 1 1 1 1 1 1 1 1 1 1 1 1 1 1 1 1
basename/451 1 1 1 1 1 1 1 1 1 1 1 1 1 1 1 1 1 1 1 1
basename/452 1 1 1 1 1 1 1 1 1 1 1 1 1 1 1 1 1 1 1 1
basename/458 1 1 1 1 1 1 1 1 1 1 1 1 1 1 1 1 1 1 1 1
basename/459 1 1 1 1 1 1 1 1 1 1 1 1 1 1 1 1 1 1 1 1
basename/599 1 1 1 1 1 1 1 1 1 1 1 1 1 1 1 1 1 1 1 1
basename/183 1 1 1 1 1 1 1 1 1 1 1 1 1 1 1 1 1 1 1 1
basename/281 1 0 0 0 0 0 1 0 0 1 0 1 0 0 0 0 0 1 1 1
basename/280 1 0 0 0 0 0 1 0 0 1 0 1 0 0 0 0 0 1 1 1
basename/282 1 0 0 0 0 0 1 0 0 1 0 1 0 0 0 0 0 1 1 1
basename/228 1 1 1 1 1 1 1 1 1 1 1 1 1 1 1 1 1 1 1 1
basename/605 1 1 1 1 1 1 1 1 1 1 1 1 1 1 1 1 1 1 1 1
basename/609 1 1 1 1 1 1 1 1 1 1 1 1 1 1 1 1 1 1 1 1
basename/608 1 1 1 1 1 1 1 1 1 1 1 1 1 1 1 1 1 1 1 1
basename/359 1 1 1 1 1 1 1 1 1 1 1 1 1 1 1 1 1 1 1 1
basename/358 1 0 0 0 0 0 1 0 0 1 0 1 0 0 0 0 0 1 1 1
basename/601 1 1 1 1 1 1 1 1 1 1 1 1 1 1 1 1 1 1 1 1
basename/600 1 1 1 1 1 1 1 1 1 1 1 1 1 1 1 1 1 1 1 1
basename/603 1 1 1 1 1 1 1 1 1 1 1 1 1 1 1 1 1 1 1 1
basename/602 1 1 1 1 1 1 1 1 1 1 1 1 1 1 1 1 1 1 1 1
basename/357 1 0 0 0 0 0 1 0 0 1 0 1 0 0 0 0 0 1 1 1
basename/604 1 1 1 1 1 1 1 1 1 1 1 1 1 1 1 1 1 1 1 1
basename/607 1 1 1 1 1 1 1 1 1 1 1 1 1 1 1 1 1 1 1 1
basename/606 1 1 1 1 1 1 1 1 1 1 1 1 1 1 1 1 1 1 1 1
