ktestSM MFI_KLEE_TOPDIR_TEST_TEMPLATE.sh-out/klee-out-0/test000003.ktest MFI_KLEE_TOPDIR_TEST_TEMPLATE.sh-out/klee-out-0/test000001.ktest MFI_KLEE_TOPDIR_TEST_TEMPLATE.sh-out/klee-out-0/test000004.ktest MFI_KLEE_TOPDIR_TEST_TEMPLATE.sh-out/klee-out-0/test000002.ktest tests_misc_chcon-fail.sh-out/Dev-out-0/devtest.ktest tests_misc_chcon-fail.sh-out/Dev-out-1/devtest.ktest tests_misc_chcon-fail.sh-out/Dev-out-3/devtest.ktest tests_misc_chcon-fail.sh-out/Dev-out-2/devtest.ktest tests_misc_help-version.sh-out/Dev-out-0/devtest.ktest tests_misc_help-version.sh-out/Dev-out-10/devtest.ktest tests_misc_help-version.sh-out/Dev-out-1/devtest.ktest tests_misc_help-version.sh-out/Dev-out-5/devtest.ktest tests_misc_help-version.sh-out/Dev-out-6/devtest.ktest tests_misc_help-version.sh-out/Dev-out-3/devtest.ktest tests_misc_help-version.sh-out/Dev-out-2/devtest.ktest tests_misc_help-version.sh-out/Dev-out-8/devtest.ktest tests_misc_help-version.sh-out/Dev-out-11/devtest.ktest tests_misc_help-version.sh-out/Dev-out-7/devtest.ktest tests_misc_help-version.sh-out/Dev-out-9/devtest.ktest tests_misc_help-version.sh-out/Dev-out-4/devtest.ktest tests_misc_invalid-opt.pl-out/Dev-out-0/devtest.ktest
chcon/1781 1 0 1 0 0 0 0 0 0 0 0 0 0 0 0 0 0 0 0 0 0
chcon/898 0 0 0 0 0 0 0 0 0 0 0 0 0 0 0 0 0 0 0 0 0
chcon/899 0 0 0 0 0 0 0 0 0 0 0 0 0 0 0 0 0 0 0 0 0
chcon/894 0 0 0 0 0 0 0 0 0 0 0 0 0 0 0 0 0 0 0 0 0
chcon/895 0 0 0 0 0 0 0 0 0 0 0 0 0 0 0 0 0 0 0 0 0
chcon/896 0 0 0 0 0 0 0 0 0 0 0 0 0 0 0 0 0 0 0 0 0
chcon/897 0 0 0 0 0 0 0 0 0 0 0 0 0 0 0 0 0 0 0 0 0
chcon/892 0 0 0 0 0 0 0 0 0 0 0 0 0 0 0 0 0 0 0 0 0
chcon/893 0 0 0 0 0 0 0 0 0 0 0 0 0 0 0 0 0 0 0 0 0
chcon/1757 1 0 1 0 0 0 0 0 0 0 0 0 0 0 0 0 0 0 0 0 0
chcon/421 0 0 0 0 0 0 0 0 0 0 0 0 0 0 0 0 0 0 0 0 0
chcon/1755 1 0 1 0 0 0 0 0 0 0 0 0 0 0 0 0 0 0 0 0 0
chcon/1754 0 0 0 0 0 0 0 0 0 0 0 0 0 0 0 0 0 0 0 0 0
chcon/1320 0 0 0 0 0 1 0 0 0 0 0 0 0 0 0 0 0 0 0 0 0
chcon/1618 0 0 0 0 0 0 0 0 0 0 0 0 0 0 0 0 0 0 0 0 0
chcon/420 0 0 0 0 0 0 0 0 0 0 0 0 0 0 0 0 0 0 0 0 0
chcon/1616 1 0 1 0 0 0 0 0 0 0 0 0 0 0 0 0 0 0 0 0 0
chcon/1617 1 0 1 0 0 0 0 0 0 0 0 0 0 0 0 0 0 0 0 0 0
chcon/1614 1 0 1 0 0 0 0 0 0 0 0 0 0 0 0 0 0 0 0 0 0
chcon/1321 0 0 0 0 0 1 0 0 0 0 0 0 0 0 0 0 0 0 0 0 0
chcon/1612 1 0 1 0 0 0 0 0 0 0 0 0 0 0 0 0 0 0 0 0 0
chcon/351 1 0 1 0 0 0 0 0 0 0 0 0 0 0 0 0 0 0 0 0 0
chcon/1610 1 0 1 0 0 0 0 0 0 0 0 0 0 0 0 0 0 0 0 0 0
chcon/1611 0 0 0 0 0 0 0 0 0 0 0 0 0 0 0 0 0 0 0 0 0
chcon/86 0 0 0 0 0 0 0 0 1 1 0 0 1 0 1 1 0 0 0 1 0
chcon/85 0 0 0 0 0 0 0 0 1 1 0 0 1 0 1 1 0 0 0 1 0
chcon/82 0 0 0 0 0 0 0 0 1 1 0 0 1 0 1 1 0 0 0 1 0
chcon/83 0 0 0 0 0 0 0 0 1 1 0 0 1 0 1 1 0 0 0 1 0
chcon/80 0 0 0 0 0 0 0 0 1 1 0 0 1 0 1 1 0 0 0 1 0
chcon/425 0 0 0 0 0 0 0 0 0 0 0 0 0 0 0 0 0 0 0 0 0
chcon/88 0 0 0 0 0 0 0 0 1 1 0 0 1 0 1 1 0 0 0 1 0
chcon/89 0 0 0 0 0 0 0 0 1 1 0 0 1 0 1 1 0 0 0 1 0
chcon/427 1 0 1 0 0 0 0 0 0 0 0 0 0 0 0 0 0 0 0 0 0
chcon/354 0 0 0 0 0 0 0 0 0 0 0 0 0 0 0 0 0 0 0 0 0
chcon/1641 0 0 0 0 0 0 0 0 0 0 0 0 0 0 0 0 0 0 0 0 0
chcon/1640 1 0 1 0 0 0 0 0 0 0 0 0 0 0 0 0 0 0 0 0 0
chcon/1642 1 0 1 0 0 0 0 0 0 0 0 0 0 0 0 0 0 0 0 0 0
chcon/1313 0 0 0 0 0 1 0 0 0 0 0 0 0 0 0 0 0 0 0 0 0
chcon/1312 0 0 0 0 1 0 1 1 0 0 0 0 0 0 0 0 0 0 0 0 0
chcon/1050 0 0 0 0 0 0 0 0 0 0 0 0 0 0 0 0 0 0 0 0 0
chcon/1051 0 1 0 0 1 1 1 1 0 0 0 0 0 0 0 0 0 0 0 0 0
chcon/1052 0 0 0 0 0 0 0 0 0 0 0 0 0 0 0 0 0 0 0 0 0
chcon/1358 0 0 0 0 0 0 0 0 0 0 0 0 0 0 0 0 0 0 0 0 0
chcon/1647 1 0 1 0 0 0 0 0 0 0 0 0 0 0 0 0 0 0 0 0 0
chcon/1756 0 0 0 0 0 0 0 0 0 0 0 0 0 0 0 0 0 0 0 0 0
chcon/1059 0 0 0 0 0 0 0 0 0 0 0 0 0 0 0 0 0 0 0 0 0
chcon/1351 0 0 0 0 0 1 0 0 0 0 0 0 0 0 0 0 0 0 0 0 0
chcon/1646 1 0 1 0 0 0 0 0 0 0 0 0 0 0 0 0 0 0 0 0 0
chcon/1357 0 0 0 0 0 1 0 0 0 0 0 0 0 0 0 0 0 0 0 0 0
chcon/1356 0 0 0 0 0 1 0 0 0 0 0 0 0 0 0 0 0 0 0 0 0
chcon/1355 0 0 0 0 0 0 0 0 0 0 0 0 0 0 0 0 0 0 0 0 0
chcon/1354 0 0 0 0 0 1 0 0 0 0 0 0 0 0 0 0 0 0 0 0 0
chcon/11 0 0 0 1 1 1 1 1 1 1 0 0 1 0 1 1 0 0 0 1 1
chcon/1684 1 0 1 0 0 0 0 0 0 0 0 0 0 0 0 0 0 0 0 0 0
chcon/1687 1 0 1 0 0 0 0 0 0 0 0 0 0 0 0 0 0 0 0 0 0
chcon/1686 1 0 1 0 0 0 0 0 0 0 0 0 0 0 0 0 0 0 0 0 0
chcon/1681 1 0 1 0 0 0 0 0 0 0 0 0 0 0 0 0 0 0 0 0 0
chcon/1680 0 0 0 0 0 0 0 0 0 0 0 0 0 0 0 0 0 0 0 0 0
chcon/1683 1 0 1 0 0 0 0 0 0 0 0 0 0 0 0 0 0 0 0 0 0
chcon/1648 1 0 1 0 0 0 0 0 0 0 0 0 0 0 0 0 0 0 0 0 0
chcon/1689 1 0 1 0 0 0 0 0 0 0 0 0 0 0 0 0 0 0 0 0 0
chcon/1688 0 0 0 0 0 0 0 0 0 0 0 0 0 0 0 0 0 0 0 0 0
chcon/1752 1 0 1 0 0 0 0 0 0 0 0 0 0 0 0 0 0 0 0 0 0
chcon/388 0 0 0 0 0 0 0 0 0 0 0 0 0 0 0 0 0 0 0 0 0
chcon/389 0 0 0 0 0 0 0 0 1 1 0 0 1 0 1 1 0 0 0 1 0
chcon/1 0 0 0 1 1 1 1 1 1 1 0 0 1 0 1 1 0 0 0 1 1
chcon/1751 1 0 1 0 0 0 0 0 0 0 0 0 0 0 0 0 0 0 0 0 0
chcon/2 0 0 0 1 1 1 1 1 1 1 0 0 1 0 1 1 0 0 0 1 1
chcon/380 0 0 0 0 0 0 0 0 0 0 0 0 0 0 0 0 0 0 0 0 0
chcon/381 0 0 0 0 0 0 0 0 0 0 0 0 0 0 0 0 0 0 0 0 0
chcon/382 0 0 0 0 0 0 0 0 0 0 0 0 0 0 0 0 0 0 0 0 0
chcon/383 0 0 0 0 0 0 0 0 0 0 0 0 0 0 0 0 0 0 0 0 0
chcon/384 0 0 0 0 0 0 0 0 0 0 0 0 0 0 0 0 0 0 0 0 0
chcon/385 1 0 1 0 0 0 0 0 0 0 0 0 0 0 0 0 0 0 0 0 0
chcon/386 0 0 0 0 0 0 0 0 0 0 0 0 0 0 0 0 0 0 0 0 0
chcon/387 0 0 0 0 0 0 0 0 0 0 0 0 0 0 0 0 0 0 0 0 0
chcon/476 0 0 0 0 0 0 0 1 0 0 0 0 0 0 0 0 0 0 0 0 0
chcon/477 1 0 1 0 0 0 0 0 0 0 0 0 0 0 0 0 0 0 0 0 0
chcon/474 0 0 0 0 0 0 0 0 0 0 0 0 0 0 0 0 0 0 0 0 0
chcon/475 0 0 0 0 0 0 0 0 0 0 0 0 0 0 0 0 0 0 0 0 0
chcon/472 0 0 0 0 0 0 0 0 0 0 0 0 0 0 0 0 0 0 0 0 0
chcon/473 0 0 0 0 0 0 0 0 0 0 0 0 0 0 0 0 0 0 0 0 0
chcon/470 1 0 1 0 0 0 0 0 0 0 0 0 0 0 0 0 0 0 0 0 0
chcon/471 0 0 0 0 0 0 0 0 0 0 0 0 0 0 0 0 0 0 0 0 0
chcon/478 0 0 0 0 0 0 0 0 0 0 0 0 0 0 0 0 0 0 0 0 0
chcon/479 0 0 0 0 0 0 0 0 0 0 0 0 0 0 0 0 0 0 0 0 0
chcon/1615 1 0 1 0 0 0 0 0 0 0 0 0 0 0 0 0 0 0 0 0 0
chcon/1539 0 1 0 0 0 0 0 0 0 0 0 0 0 0 0 0 0 0 0 0 0
chcon/1535 0 1 0 0 0 0 0 0 0 0 0 0 0 0 0 0 0 0 0 0 0
chcon/1533 0 0 0 0 0 0 0 0 0 0 0 0 0 0 0 0 0 0 0 0 0
chcon/1532 0 1 0 0 0 0 0 0 0 0 0 0 0 0 0 0 0 0 0 0 0
chcon/1530 0 1 0 0 0 0 0 0 0 0 0 0 0 0 0 0 0 0 0 0 0
chcon/1434 0 0 0 0 0 0 0 0 0 0 0 0 0 0 0 0 0 0 0 0 0
chcon/1127 0 0 0 0 0 0 0 0 0 0 0 0 0 0 0 0 0 0 0 0 0
chcon/1759 1 0 1 0 0 0 0 0 0 0 0 0 0 0 0 0 0 0 0 0 0
chcon/1430 0 0 0 0 0 0 0 0 0 0 0 0 0 0 0 0 0 0 0 0 0
chcon/910 0 0 0 0 0 0 0 0 0 0 0 0 0 0 0 0 0 0 0 0 0
chcon/1241 0 0 0 0 1 1 1 1 0 0 0 0 0 0 0 0 0 0 0 0 0
chcon/1758 1 0 1 0 0 0 0 0 0 0 0 0 0 0 0 0 0 0 0 0 0
chcon/913 0 0 0 0 0 0 0 0 0 0 0 0 0 0 0 0 0 0 0 0 0
chcon/1750 1 0 1 0 0 0 0 0 0 0 0 0 0 0 0 0 0 0 0 0 0
chcon/915 0 0 0 0 0 0 0 0 0 0 0 0 0 0 0 0 0 0 0 0 0
chcon/914 0 0 0 0 0 0 0 0 0 0 0 0 0 0 0 0 0 0 0 0 0
chcon/278 0 0 0 0 0 0 0 0 0 0 0 0 0 0 0 0 0 0 0 0 0
chcon/274 1 1 1 1 1 1 0 0 1 1 1 1 1 1 1 1 1 1 1 1 1
chcon/275 1 1 1 0 1 1 1 1 0 0 0 0 0 0 0 0 0 0 0 0 0
chcon/276 0 0 0 0 0 0 0 0 0 0 0 0 0 0 0 0 0 0 0 0 0
chcon/277 1 1 1 1 1 1 0 0 1 1 1 1 1 1 1 1 1 1 1 1 1
chcon/270 1 0 1 1 0 0 0 0 0 0 0 0 0 0 0 0 0 0 0 0 1
chcon/271 1 1 1 1 1 1 0 0 0 0 0 0 0 0 0 0 0 0 0 0 1
chcon/272 1 1 1 0 1 1 1 1 0 0 0 0 0 0 0 0 0 0 0 0 0
chcon/273 1 1 1 1 1 1 0 0 0 0 0 0 0 0 0 0 0 0 0 0 1
chcon/375 0 0 0 0 0 0 0 0 0 0 0 0 0 0 0 0 0 0 0 0 0
chcon/374 0 0 0 0 0 0 0 0 0 0 0 0 0 0 0 0 0 0 0 0 0
chcon/377 0 0 0 0 0 0 0 0 0 0 1 1 0 1 0 0 1 1 1 0 0
chcon/376 0 0 0 0 0 0 0 0 1 1 0 0 1 0 1 1 0 0 0 1 0
chcon/371 0 0 0 0 0 0 0 0 0 0 0 0 0 0 0 0 0 0 0 0 0
chcon/370 0 0 0 0 0 0 0 0 0 0 0 0 0 0 0 0 0 0 0 0 0
chcon/373 0 0 0 0 0 0 0 0 0 0 0 0 0 0 0 0 0 0 0 0 0
chcon/372 1 0 1 0 0 0 0 0 0 0 0 0 0 0 0 0 0 0 0 0 0
chcon/379 0 0 0 0 0 0 0 0 0 0 0 0 0 0 0 0 0 0 0 0 0
chcon/378 0 0 0 0 0 0 0 0 0 0 0 0 0 0 0 0 0 0 0 0 0
chcon/1561 0 0 0 0 0 0 0 0 0 0 0 0 0 0 0 0 0 0 0 0 0
chcon/1548 0 1 0 0 0 0 0 0 0 0 0 0 0 0 0 0 0 0 0 0 0
chcon/1549 0 1 0 0 0 0 0 0 0 0 0 0 0 0 0 0 0 0 0 0 0
chcon/1226 1 1 1 0 1 1 1 1 0 0 0 0 0 0 0 0 0 0 0 0 0
chcon/1225 1 1 1 0 1 1 1 0 0 0 0 0 0 0 0 0 0 0 0 0 0
chcon/1540 0 1 0 0 0 0 0 0 0 0 0 0 0 0 0 0 0 0 0 0 0
chcon/1541 0 1 0 0 0 0 0 0 0 0 0 0 0 0 0 0 0 0 0 0 0
chcon/1547 0 1 0 0 0 0 0 0 0 0 0 0 0 0 0 0 0 0 0 0 0
chcon/1544 0 1 0 0 0 0 0 0 0 0 0 0 0 0 0 0 0 0 0 0 0
chcon/1545 0 1 0 0 0 0 0 0 0 0 0 0 0 0 0 0 0 0 0 0 0
chcon/1935 1 0 1 0 0 0 0 0 0 0 0 0 0 0 0 0 0 0 0 0 0
chcon/1736 0 0 0 0 0 0 0 0 0 0 0 0 0 0 0 0 0 0 0 0 0
chcon/1934 1 0 1 0 0 0 0 0 0 0 0 0 0 0 0 0 0 0 0 0 0
chcon/1942 1 0 1 0 0 0 0 0 0 0 0 0 0 0 0 0 0 0 0 0 0
chcon/1941 1 0 1 0 0 0 0 0 0 0 0 0 0 0 0 0 0 0 0 0 0
chcon/1821 0 0 0 0 0 0 0 0 0 0 0 0 0 0 0 0 0 0 0 0 0
chcon/1822 1 0 1 0 0 0 0 0 0 0 0 0 0 0 0 0 0 0 0 0 0
chcon/1825 1 0 1 0 0 0 0 0 0 0 0 0 0 0 0 0 0 0 0 0 0
chcon/1939 1 0 1 0 0 0 0 0 0 0 0 0 0 0 0 0 0 0 0 0 0
chcon/1827 1 0 1 0 0 0 0 0 0 0 0 0 0 0 0 0 0 0 0 0 0
chcon/209 0 0 0 0 0 0 0 0 0 0 0 0 0 0 0 0 0 0 0 0 0
chcon/1938 1 0 1 0 0 0 0 0 0 0 0 0 0 0 0 0 0 0 0 0 0
chcon/205 0 0 0 0 0 0 0 0 0 0 0 0 0 0 0 0 0 0 0 0 0
chcon/1682 1 0 1 0 0 0 0 0 0 0 0 0 0 0 0 0 0 0 0 0 0
chcon/1164 0 1 0 0 0 0 0 0 0 0 0 0 0 0 0 0 0 0 0 0 0
chcon/757 0 0 0 0 0 0 0 0 0 0 0 0 0 0 0 0 0 0 0 0 0
chcon/756 1 0 1 0 0 0 1 0 0 0 0 0 0 0 0 0 0 0 0 0 0
chcon/755 1 0 1 0 0 0 0 0 0 0 0 0 0 0 0 0 0 0 0 0 0
chcon/754 1 0 1 0 0 0 0 0 0 0 0 0 0 0 0 0 0 0 0 0 0
chcon/1483 0 0 0 0 0 0 0 0 0 0 0 0 0 0 0 0 0 0 0 0 0
chcon/1481 0 0 0 0 0 0 0 0 0 0 0 0 0 0 0 0 0 0 0 0 0
chcon/1480 0 0 0 0 0 0 0 0 0 0 0 0 0 0 0 0 0 0 0 0 0
chcon/1766 0 0 0 0 0 0 0 0 0 0 0 0 0 0 0 0 0 0 0 0 0
chcon/1767 1 0 1 0 0 0 0 0 0 0 0 0 0 0 0 0 0 0 0 0 0
chcon/1765 1 0 1 0 0 0 0 0 0 0 0 0 0 0 0 0 0 0 0 0 0
chcon/1762 1 0 1 0 0 0 0 0 0 0 0 0 0 0 0 0 0 0 0 0 0
chcon/1763 0 0 0 0 0 0 0 0 0 0 0 0 0 0 0 0 0 0 0 0 0
chcon/1489 0 0 0 0 0 0 0 0 0 0 0 0 0 0 0 0 0 0 0 0 0
chcon/1488 0 0 0 0 0 0 0 0 0 0 0 0 0 0 0 0 0 0 0 0 0
chcon/1317 0 0 0 0 0 1 0 0 0 0 0 0 0 0 0 0 0 0 0 0 0
chcon/1316 0 0 0 0 0 0 0 0 0 0 0 0 0 0 0 0 0 0 0 0 0
chcon/1643 0 0 0 0 0 0 0 0 0 0 0 0 0 0 0 0 0 0 0 0 0
chcon/1314 0 0 0 0 0 1 0 0 0 0 0 0 0 0 0 0 0 0 0 0 0
chcon/59 0 0 0 0 0 0 0 0 1 1 0 0 1 0 1 1 0 0 0 1 0
chcon/58 0 0 0 0 0 0 0 0 1 1 0 0 1 0 1 1 0 0 0 1 0
chcon/1311 0 0 0 0 1 0 1 1 0 0 0 0 0 0 0 0 0 0 0 0 0
chcon/1310 0 0 0 0 1 0 1 1 0 0 0 0 0 0 0 0 0 0 0 0 0
chcon/54 0 0 0 0 0 0 0 0 1 1 0 0 1 0 1 1 0 0 0 1 0
chcon/57 0 0 0 0 0 0 0 0 1 1 0 0 1 0 1 1 0 0 0 1 0
chcon/56 0 0 0 0 0 0 0 0 1 1 0 0 1 0 1 1 0 0 0 1 0
chcon/51 0 0 0 1 1 1 1 1 0 0 0 0 0 0 0 0 0 0 0 0 1
chcon/50 0 0 0 1 1 1 1 1 0 0 0 0 0 0 0 0 0 0 0 0 1
chcon/53 0 0 0 0 0 0 0 0 1 1 0 0 1 0 1 1 0 0 0 1 0
chcon/52 0 0 0 0 1 1 1 1 0 0 0 0 0 0 0 0 0 0 0 0 1
chcon/858 0 0 0 0 0 0 0 0 0 0 1 1 0 1 0 0 1 1 1 0 0
chcon/859 0 0 0 0 0 0 0 0 0 0 1 1 0 1 0 0 1 1 1 0 0
chcon/850 0 0 0 0 0 0 0 0 0 0 1 1 0 1 0 0 1 1 1 0 0
chcon/851 0 0 0 0 0 0 0 0 0 0 1 1 0 1 0 0 1 1 1 0 0
chcon/852 0 0 0 0 0 0 0 0 0 0 1 1 0 1 0 0 1 1 1 0 0
chcon/853 0 0 0 0 0 0 0 0 0 0 1 1 0 1 0 0 1 1 1 0 0
chcon/854 0 0 0 0 0 0 0 0 0 0 1 1 0 1 0 0 1 1 1 0 0
chcon/855 0 0 0 0 0 0 0 0 0 0 1 1 0 1 0 0 1 1 1 0 0
chcon/856 0 0 0 0 0 0 0 0 0 0 1 1 0 1 0 0 1 1 1 0 0
chcon/857 0 0 0 0 0 0 0 0 0 0 1 1 0 1 0 0 1 1 1 0 0
chcon/1373 0 0 0 0 0 1 0 0 0 0 0 0 0 0 0 0 0 0 0 0 0
chcon/539 1 0 1 0 0 0 0 0 0 0 0 0 0 0 0 0 0 0 0 0 0
chcon/538 1 0 1 0 0 0 0 0 0 0 0 0 0 0 0 0 0 0 0 0 0
chcon/531 0 0 0 0 0 0 0 0 0 0 0 0 0 0 0 0 0 0 0 0 0
chcon/350 0 0 0 0 0 0 0 0 0 0 0 0 0 0 0 0 0 0 0 0 0
chcon/1160 1 1 1 0 0 0 1 1 0 0 0 0 0 0 0 0 0 0 0 0 0
chcon/1161 0 0 0 0 0 1 1 1 0 0 0 0 0 0 0 0 0 0 0 0 0
chcon/1009 1 0 1 0 0 0 0 0 0 0 0 0 0 0 0 0 0 0 0 0 0
chcon/1008 1 0 1 0 0 0 0 0 0 0 0 0 0 0 0 0 0 0 0 0 0
chcon/883 0 0 0 0 0 0 0 0 0 0 0 0 0 0 0 0 0 0 0 0 0
chcon/1165 1 1 1 0 0 0 1 1 0 0 0 0 0 0 0 0 0 0 0 0 0
chcon/1166 0 1 0 0 0 0 1 1 0 0 0 0 0 0 0 0 0 0 0 0 0
chcon/1167 1 1 1 0 0 0 0 0 0 0 0 0 0 0 0 0 0 0 0 0 0
chcon/1003 0 0 0 0 0 0 0 0 0 0 0 0 0 0 0 0 0 0 0 0 0
chcon/1002 1 0 1 0 0 0 0 0 0 0 0 0 0 0 0 0 0 0 0 0 0
chcon/1001 1 0 1 0 0 0 0 0 0 0 0 0 0 0 0 0 0 0 0 0 0
chcon/1000 1 0 1 0 0 0 0 0 0 0 0 0 0 0 0 0 0 0 0 0 0
chcon/1007 1 0 1 0 0 0 0 0 0 0 0 0 0 0 0 0 0 0 0 0 0
chcon/1006 1 0 1 0 0 0 0 0 0 0 0 0 0 0 0 0 0 0 0 0 0
chcon/28 0 0 0 0 0 0 0 0 1 1 0 0 1 0 1 1 0 0 0 1 0
chcon/29 0 0 0 0 0 0 0 0 1 1 0 0 1 0 1 1 0 0 0 1 0
chcon/1360 0 0 0 0 0 1 0 0 0 0 0 0 0 0 0 0 0 0 0 0 0
chcon/1367 0 0 0 0 0 1 0 0 0 0 0 0 0 0 0 0 0 0 0 0 0
chcon/1788 1 0 1 0 0 0 0 0 0 0 0 0 0 0 0 0 0 0 0 0 0
chcon/1368 0 0 0 0 0 1 0 0 0 0 0 0 0 0 0 0 0 0 0 0 0
chcon/1369 0 0 0 0 0 1 0 0 0 0 0 0 0 0 0 0 0 0 0 0 0
chcon/24 0 0 0 1 1 1 1 1 0 0 0 0 0 0 0 0 0 0 0 0 1
chcon/26 0 0 0 0 0 0 0 0 1 1 0 0 1 0 1 1 0 0 0 1 0
chcon/27 0 0 0 1 1 1 1 1 0 0 0 0 0 0 0 0 0 0 0 0 1
chcon/1182 1 1 1 0 0 0 0 0 0 0 0 0 0 0 0 0 0 0 0 0 0
chcon/1183 0 1 0 0 0 0 1 1 0 0 0 0 0 0 0 0 0 0 0 0 0
chcon/1180 0 1 0 0 0 0 0 0 0 0 0 0 0 0 0 0 0 0 0 0 0
chcon/1181 1 1 1 0 0 0 1 1 0 0 0 0 0 0 0 0 0 0 0 0 0
chcon/1162 0 1 0 0 0 0 0 0 0 0 0 0 0 0 0 0 0 0 0 0 0
chcon/1184 1 1 1 0 0 0 0 0 0 0 0 0 0 0 0 0 0 0 0 0 0
chcon/1185 0 1 0 0 0 1 1 1 0 0 0 0 0 0 0 0 0 0 0 0 0
chcon/1163 0 1 0 0 0 0 1 1 0 0 0 0 0 0 0 0 0 0 0 0 0
chcon/356 0 0 0 0 0 0 0 0 0 0 0 0 0 0 0 0 0 0 0 0 0
chcon/408 1 0 1 0 0 0 0 0 0 0 0 0 0 0 0 0 0 0 0 0 0
chcon/407 0 0 0 0 0 0 0 0 0 0 0 0 0 0 0 0 0 0 0 0 0
chcon/406 0 0 0 0 0 0 0 0 0 0 0 0 0 0 0 0 0 0 0 0 0
chcon/405 0 0 0 0 0 0 0 0 0 0 0 0 0 0 0 0 0 0 0 0 0
chcon/404 0 0 0 0 0 0 0 0 0 0 0 0 0 0 0 0 0 0 0 0 0
chcon/403 0 0 0 0 0 0 0 0 0 0 0 0 0 0 0 0 0 0 0 0 0
chcon/402 0 0 0 0 0 0 0 0 0 0 1 1 0 1 0 0 1 1 1 0 0
chcon/401 0 0 0 0 0 0 0 0 1 1 0 0 1 0 1 1 0 0 0 1 0
chcon/400 0 0 0 0 0 0 0 0 0 0 0 0 0 0 0 0 0 0 0 0 0
chcon/1269 0 0 0 0 1 1 1 1 0 0 0 0 0 0 0 0 0 0 0 0 0
chcon/1268 1 1 1 0 0 0 0 0 0 0 0 0 0 0 0 0 0 0 0 0 0
chcon/1265 1 1 1 0 1 1 1 1 0 0 0 0 0 0 0 0 0 0 0 0 0
chcon/1264 1 1 1 0 1 1 1 1 0 0 0 0 0 0 0 0 0 0 0 0 0
chcon/1263 1 1 1 0 0 0 0 0 0 0 0 0 0 0 0 0 0 0 0 0 0
chcon/1261 0 0 0 0 1 1 1 1 0 0 0 0 0 0 0 0 0 0 0 0 0
chcon/1260 1 1 1 0 0 0 0 0 0 0 0 0 0 0 0 0 0 0 0 0 0
chcon/1469 0 0 0 0 0 0 0 0 0 0 0 0 0 0 0 0 0 0 0 0 0
chcon/1168 1 1 1 0 0 0 0 0 0 0 0 0 0 0 0 0 0 0 0 0 0
chcon/1503 0 1 0 0 0 0 0 0 0 0 0 0 0 0 0 0 0 0 0 0 0
chcon/1500 0 1 0 0 0 0 0 0 0 0 0 0 0 0 0 0 0 0 0 0 0
chcon/1169 0 1 0 0 0 0 1 1 0 0 0 0 0 0 0 0 0 0 0 0 0
chcon/1461 0 0 0 0 0 0 0 0 0 0 0 0 0 0 0 0 0 0 0 0 0
chcon/1460 0 0 0 0 0 0 0 0 0 0 0 0 0 0 0 0 0 0 0 0 0
chcon/1463 0 0 0 0 0 0 0 0 0 0 0 0 0 0 0 0 0 0 0 0 0
chcon/1462 0 0 0 0 0 0 0 0 0 0 0 0 0 0 0 0 0 0 0 0 0
chcon/1465 0 0 0 0 0 0 0 0 0 0 0 0 0 0 0 0 0 0 0 0 0
chcon/1464 0 0 0 0 0 0 0 0 0 0 0 0 0 0 0 0 0 0 0 0 0
chcon/1467 0 0 0 0 0 0 0 0 0 0 0 0 0 0 0 0 0 0 0 0 0
chcon/1466 0 0 0 0 0 0 0 0 0 0 0 0 0 0 0 0 0 0 0 0 0
chcon/1486 0 0 0 0 0 0 0 0 0 0 0 0 0 0 0 0 0 0 0 0 0
chcon/1867 0 0 0 0 0 0 0 0 0 0 0 0 0 0 0 0 0 0 0 0 0
chcon/1866 0 0 0 0 0 0 0 0 0 0 0 0 0 0 0 0 0 0 0 0 0
chcon/1862 0 0 0 0 0 0 0 0 0 0 0 0 0 0 0 0 0 0 0 0 0
chcon/887 0 0 0 0 0 0 0 0 0 0 0 0 0 0 0 0 0 0 0 0 0
chcon/245 1 1 1 1 1 1 1 1 1 1 1 1 1 1 1 1 1 1 1 1 1
chcon/244 0 0 0 0 0 0 0 0 0 0 0 0 0 0 0 0 0 0 0 0 0
chcon/328 0 0 0 1 0 0 0 0 0 0 0 0 0 0 0 0 0 0 0 0 1
chcon/329 0 0 0 1 0 0 0 0 0 0 0 0 0 0 0 0 0 0 0 0 1
chcon/241 1 1 1 1 0 1 1 1 1 1 1 1 1 1 1 1 1 1 1 1 1
chcon/240 1 1 1 1 1 1 1 1 1 1 1 1 1 1 1 1 1 1 1 1 1
chcon/243 1 1 1 1 1 1 1 1 1 1 1 1 1 1 1 1 1 1 1 1 1
chcon/242 1 1 1 1 1 1 1 1 1 1 1 1 1 1 1 1 1 1 1 1 1
chcon/322 0 0 0 1 0 0 0 0 0 0 0 0 0 0 0 0 0 0 0 0 1
chcon/323 0 0 0 1 0 0 0 1 0 0 0 0 0 0 0 0 0 0 0 0 1
chcon/320 0 0 0 1 0 0 0 0 0 0 0 0 0 0 0 0 0 0 0 0 1
chcon/321 0 0 0 1 0 0 0 0 0 0 0 0 0 0 0 0 0 0 0 0 1
chcon/249 1 1 1 0 1 1 1 1 0 0 0 0 0 0 0 0 0 0 0 0 0
chcon/248 1 1 1 1 1 1 1 1 1 1 1 1 1 1 1 1 1 1 1 1 1
chcon/324 1 0 1 1 0 0 0 0 0 0 0 0 0 0 0 0 0 0 0 0 1
chcon/325 0 0 0 1 0 0 0 0 0 0 0 0 0 0 0 0 0 0 0 0 1
chcon/1219 0 0 0 0 0 1 0 0 0 0 0 0 0 0 0 0 0 0 0 0 0
chcon/1213 1 1 1 0 1 1 1 1 0 0 0 0 0 0 0 0 0 0 0 0 0
chcon/886 0 0 0 0 0 0 0 0 0 0 0 0 0 0 0 0 0 0 0 0 0
chcon/1216 0 0 0 0 0 1 0 0 0 0 0 0 0 0 0 0 0 0 0 0 0
chcon/1215 1 1 1 0 1 1 1 0 0 0 0 0 0 0 0 0 0 0 0 0 0
chcon/861 0 0 0 0 0 0 0 0 0 0 1 1 0 1 0 0 1 1 1 0 0
chcon/860 0 0 0 0 0 0 0 0 0 0 1 1 0 1 0 0 1 1 1 0 0
chcon/863 0 0 0 1 0 0 0 0 0 0 0 0 0 0 0 0 0 0 0 0 1
chcon/862 0 0 0 1 0 0 0 0 0 0 0 0 0 0 0 0 0 0 0 0 1
chcon/865 1 0 1 0 0 0 0 0 0 0 0 0 0 0 0 0 0 0 0 0 0
chcon/864 1 0 1 0 0 0 1 1 0 0 0 0 0 0 0 0 0 0 0 0 0
chcon/866 1 1 1 0 1 1 1 1 0 0 0 0 0 0 0 0 0 0 0 0 0
chcon/869 1 0 1 0 0 0 0 0 0 0 0 0 0 0 0 0 0 0 0 0 0
chcon/1359 0 0 0 0 0 1 0 0 0 0 0 0 0 0 0 0 0 0 0 0 0
chcon/99 0 0 0 0 0 0 0 0 0 0 0 0 0 0 0 0 0 0 0 0 0
chcon/98 0 0 0 0 0 0 0 0 0 0 0 0 0 0 0 0 0 0 0 0 0
chcon/1609 1 0 1 0 0 0 0 0 0 0 0 0 0 0 0 0 0 0 0 0 0
chcon/1608 1 0 1 0 0 0 0 0 0 0 0 0 0 0 0 0 0 0 0 0 0
chcon/91 0 0 0 0 0 0 0 0 1 1 0 0 1 0 1 1 0 0 0 1 0
chcon/1604 1 0 1 0 0 0 0 0 0 0 0 0 0 0 0 0 0 0 0 0 0
chcon/93 0 0 0 0 0 0 0 0 1 1 0 0 1 0 1 1 0 0 0 1 0
chcon/92 0 0 0 0 0 0 0 0 1 1 0 0 1 0 1 1 0 0 0 1 0
chcon/95 0 0 0 1 1 1 1 1 1 1 0 0 1 0 1 1 0 0 0 1 1
chcon/94 0 0 0 1 1 1 1 1 1 1 0 0 1 0 1 1 0 0 0 1 1
chcon/97 1 1 1 1 1 1 1 1 1 1 1 1 1 1 1 1 1 1 1 1 1
chcon/1602 1 0 1 0 0 0 0 0 0 0 0 0 0 0 0 0 0 0 0 0 0
chcon/319 0 0 0 1 0 0 0 0 0 0 0 0 0 0 0 0 0 0 0 0 1
chcon/1933 1 0 1 0 0 0 0 0 0 0 0 0 0 0 0 0 0 0 0 0 0
chcon/1319 0 0 0 0 0 1 0 0 0 0 0 0 0 0 0 0 0 0 0 0 0
chcon/1352 0 0 0 0 0 1 0 0 0 0 0 0 0 0 0 0 0 0 0 0 0
chcon/1479 0 0 0 0 0 0 0 0 0 0 0 0 0 0 0 0 0 0 0 0 0
chcon/1606 1 0 1 0 0 0 0 0 0 0 0 0 0 0 0 0 0 0 0 0 0
chcon/1651 0 0 0 0 0 0 0 0 0 0 0 0 0 0 0 0 0 0 0 0 0
chcon/144 0 0 0 0 0 0 0 0 0 0 0 0 0 0 0 0 0 0 0 0 0
chcon/145 1 1 1 1 1 1 1 1 1 1 1 1 1 1 1 1 1 1 1 1 1
chcon/142 1 1 1 1 1 1 1 1 1 1 1 1 1 1 1 1 1 1 1 1 1
chcon/311 1 1 1 0 0 1 0 0 0 0 0 0 0 0 0 0 0 0 0 0 0
chcon/1499 0 1 0 0 0 0 0 0 0 0 0 0 0 0 0 0 0 0 0 0 0
chcon/310 1 1 1 0 1 1 1 1 0 0 0 0 0 0 0 0 0 0 0 0 0
chcon/1047 0 0 0 0 0 0 0 0 0 0 0 0 0 0 0 0 0 0 0 0 0
chcon/1046 0 0 0 0 0 0 0 0 0 0 0 0 0 0 0 0 0 0 0 0 0
chcon/1328 0 0 0 0 0 1 0 0 0 0 0 0 0 0 0 0 0 0 0 0 0
chcon/1329 0 0 0 0 0 1 0 0 0 0 0 0 0 0 0 0 0 0 0 0 0
chcon/1326 0 0 0 0 0 1 0 0 0 0 0 0 0 0 0 0 0 0 0 0 0
chcon/1327 0 0 0 0 0 1 0 0 0 0 0 0 0 0 0 0 0 0 0 0 0
chcon/1324 0 0 0 0 0 1 0 0 0 0 0 0 0 0 0 0 0 0 0 0 0
chcon/1325 0 0 0 0 0 1 0 0 0 0 0 0 0 0 0 0 0 0 0 0 0
chcon/1322 0 0 0 0 0 1 0 0 0 0 0 0 0 0 0 0 0 0 0 0 0
chcon/1049 1 0 1 0 0 0 0 0 0 0 0 0 0 0 0 0 0 0 0 0 0
chcon/1048 1 0 1 0 0 0 0 0 0 0 0 0 0 0 0 0 0 0 0 0 0
chcon/64 0 0 0 0 0 0 0 0 1 1 0 0 1 0 1 1 0 0 0 1 0
chcon/65 0 0 0 0 0 0 0 0 1 1 0 0 1 0 1 1 0 0 0 1 0
chcon/67 0 0 0 0 0 0 0 0 1 1 0 0 1 0 1 1 0 0 0 1 0
chcon/60 0 0 0 0 0 0 0 0 1 1 0 0 1 0 1 1 0 0 0 1 0
chcon/62 0 0 0 0 0 0 0 0 1 1 0 0 1 0 1 1 0 0 0 1 0
chcon/63 0 0 0 0 0 0 0 0 1 1 0 0 1 0 1 1 0 0 0 1 0
chcon/68 0 0 0 0 0 0 0 0 1 1 0 0 1 0 1 1 0 0 0 1 0
chcon/919 0 0 0 0 0 0 0 0 0 0 0 0 0 0 0 0 0 0 0 0 0
chcon/449 0 0 0 0 0 0 0 0 0 0 0 0 0 0 0 0 0 0 0 0 0
chcon/448 1 0 1 0 0 0 0 0 0 0 0 0 0 0 0 0 0 0 0 0 0
chcon/443 0 0 0 0 0 0 0 0 0 0 0 0 0 0 0 0 0 0 0 0 0
chcon/442 1 0 1 0 0 0 0 0 0 0 0 0 0 0 0 0 0 0 0 0 0
chcon/441 0 0 0 0 0 0 0 0 0 0 0 0 0 0 0 0 0 0 0 0 0
chcon/440 1 0 1 0 0 0 0 0 0 0 1 1 0 1 0 0 1 1 1 0 0
chcon/447 0 0 0 0 0 0 0 0 0 0 1 1 0 1 0 0 1 1 1 0 0
chcon/446 0 0 0 0 0 0 0 0 1 1 0 0 1 0 1 1 0 0 0 1 0
chcon/445 0 0 0 0 0 0 0 0 0 0 0 0 0 0 0 0 0 0 0 0 0
chcon/444 0 0 0 0 0 0 0 0 0 0 0 0 0 0 0 0 0 0 0 0 0
chcon/1303 0 0 0 0 0 1 0 0 0 0 0 0 0 0 0 0 0 0 0 0 0
chcon/884 0 0 0 0 0 0 0 0 0 0 0 0 0 0 0 0 0 0 0 0 0
chcon/1139 0 1 0 0 0 0 0 0 0 0 0 0 0 0 0 0 0 0 0 0 0
chcon/1138 1 1 1 0 0 0 0 0 0 0 0 0 0 0 0 0 0 0 0 0 0
chcon/1132 0 0 0 0 0 0 0 0 0 0 0 0 0 0 0 0 0 0 0 0 0
chcon/1130 1 1 1 0 1 1 1 1 0 0 0 0 0 0 0 0 0 0 0 0 0
chcon/1137 0 0 0 0 0 1 1 1 0 0 0 0 0 0 0 0 0 0 0 0 0
chcon/1136 0 0 0 0 0 1 1 1 0 0 0 0 0 0 0 0 0 0 0 0 0
chcon/1135 1 1 1 0 0 1 1 1 0 0 0 0 0 0 0 0 0 0 0 0 0
chcon/1134 0 0 0 0 0 0 0 0 0 0 0 0 0 0 0 0 0 0 0 0 0
chcon/1425 0 1 0 0 0 0 0 0 0 0 0 0 0 0 0 0 0 0 0 0 0
chcon/1424 0 1 0 0 0 0 0 0 0 0 0 0 0 0 0 0 0 0 0 0 0
chcon/1427 0 1 0 0 0 0 0 0 0 0 0 0 0 0 0 0 0 0 0 0 0
chcon/1426 0 1 0 0 0 0 0 0 0 0 0 0 0 0 0 0 0 0 0 0 0
chcon/1421 0 1 0 0 0 0 0 0 0 0 0 0 0 0 0 0 0 0 0 0 0
chcon/1420 1 0 1 0 0 0 0 0 0 0 0 0 0 0 0 0 0 0 0 0 0
chcon/1423 0 1 0 0 0 0 0 0 0 0 0 0 0 0 0 0 0 0 0 0 0
chcon/1422 0 1 0 0 0 0 0 0 0 0 0 0 0 0 0 0 0 0 0 0 0
chcon/1785 1 0 1 0 0 0 0 0 0 0 0 0 0 0 0 0 0 0 0 0 0
chcon/1786 1 0 1 0 0 0 0 0 0 0 0 0 0 0 0 0 0 0 0 0 0
chcon/1780 1 0 1 0 0 0 0 0 0 0 0 0 0 0 0 0 0 0 0 0 0
chcon/1428 0 1 0 0 0 0 0 0 0 0 0 0 0 0 0 0 0 0 0 0 0
chcon/1782 1 0 1 0 0 0 0 0 0 0 0 0 0 0 0 0 0 0 0 0 0
chcon/409 0 0 0 0 0 0 0 0 0 0 0 0 0 0 0 0 0 0 0 0 0
chcon/1579 0 0 0 0 0 0 0 0 0 0 0 0 0 0 0 0 0 0 0 0 0
chcon/280 1 1 1 1 1 1 0 0 1 1 1 1 1 1 1 1 1 1 1 1 1
chcon/876 0 0 0 0 0 0 0 0 0 0 0 0 0 0 0 0 0 0 0 0 0
chcon/366 0 0 0 0 0 0 0 0 0 0 0 0 0 0 0 0 0 0 0 0 0
chcon/367 0 0 0 0 0 0 0 0 0 0 0 0 0 0 0 0 0 0 0 0 0
chcon/364 0 0 0 0 0 0 0 0 0 0 0 0 0 0 0 0 0 0 0 0 0
chcon/365 0 0 0 0 0 0 0 0 0 0 0 0 0 0 0 0 0 0 0 0 0
chcon/362 1 0 1 0 0 0 0 0 1 1 0 0 1 0 1 1 0 0 0 1 0
chcon/363 1 0 1 0 0 0 0 0 0 0 1 1 0 1 0 0 1 1 1 0 0
chcon/360 0 0 0 0 0 0 0 0 0 0 0 0 0 0 0 0 0 0 0 0 0
chcon/361 0 0 0 0 0 0 0 0 0 0 0 0 0 0 0 0 0 0 0 0 0
chcon/1685 1 0 1 0 0 0 0 0 0 0 0 0 0 0 0 0 0 0 0 0 0
chcon/368 0 0 0 0 0 0 0 0 0 0 0 0 0 0 0 0 0 0 0 0 0
chcon/369 0 0 0 0 0 0 0 0 0 0 0 0 0 0 0 0 0 0 0 0 0
chcon/1559 1 0 1 0 0 0 0 0 0 0 0 0 0 0 0 0 0 0 0 0 0
chcon/1558 1 0 1 0 0 0 0 0 0 0 0 0 0 0 0 0 0 0 0 0 0
chcon/1254 1 1 1 0 1 1 1 1 0 0 0 0 0 0 0 0 0 0 0 0 0
chcon/1255 1 1 1 0 1 0 1 1 0 0 0 0 0 0 0 0 0 0 0 0 0
chcon/1252 1 1 1 0 1 0 1 1 0 0 0 0 0 0 0 0 0 0 0 0 0
chcon/1253 1 1 1 0 1 0 1 1 0 0 0 0 0 0 0 0 0 0 0 0 0
chcon/1250 1 1 1 0 1 1 1 1 0 0 0 0 0 0 0 0 0 0 0 0 0
chcon/1251 1 1 1 0 0 0 0 0 0 0 0 0 0 0 0 0 0 0 0 0 0
chcon/1551 0 1 0 0 0 0 0 0 0 0 0 0 0 0 0 0 0 0 0 0 0
chcon/1550 0 1 0 0 0 0 0 0 0 0 0 0 0 0 0 0 0 0 0 0 0
chcon/1552 0 1 0 0 0 0 0 0 0 0 0 0 0 0 0 0 0 0 0 0 0
chcon/1258 0 0 0 0 1 0 1 1 0 0 0 0 0 0 0 0 0 0 0 0 0
chcon/1259 1 1 1 0 1 1 1 1 0 0 0 0 0 0 0 0 0 0 0 0 0
chcon/1769 1 0 1 0 0 0 0 0 0 0 0 0 0 0 0 0 0 0 0 0 0
chcon/1692 1 0 1 0 0 0 0 0 0 0 0 0 0 0 0 0 0 0 0 0 0
chcon/1917 1 0 1 0 0 0 0 0 0 0 0 0 0 0 0 0 0 0 0 0 0
chcon/1818 1 0 1 0 0 0 0 0 0 0 0 0 0 0 0 0 0 0 0 0 0
chcon/1815 1 0 1 0 0 0 0 0 0 0 0 0 0 0 0 0 0 0 0 0 0
chcon/1816 1 0 1 0 0 0 0 0 0 0 0 0 0 0 0 0 0 0 0 0 0
chcon/1817 1 0 1 0 0 0 0 0 0 0 0 0 0 0 0 0 0 0 0 0 0
chcon/1835 1 0 1 0 0 0 0 0 0 0 0 0 0 0 0 0 0 0 0 0 0
chcon/210 0 0 0 0 0 0 0 0 0 0 0 0 0 0 0 0 0 0 0 0 0
chcon/211 1 1 1 1 1 1 1 1 1 1 1 1 1 1 1 1 1 1 1 1 1
chcon/1760 1 0 1 0 0 0 0 0 0 0 0 0 0 0 0 0 0 0 0 0 0
chcon/1635 1 0 1 0 0 0 0 0 0 0 0 0 0 0 0 0 0 0 0 0 0
chcon/1082 0 0 0 0 0 0 0 0 0 0 0 0 0 0 0 0 0 0 0 0 0
chcon/1638 1 0 1 0 0 0 0 0 0 0 0 0 0 0 0 0 0 0 0 0 0
chcon/1779 1 0 1 0 0 0 0 0 0 0 0 0 0 0 0 0 0 0 0 0 0
chcon/1775 1 0 1 0 0 0 0 0 0 0 0 0 0 0 0 0 0 0 0 0 0
chcon/1770 1 0 1 0 0 0 0 0 0 0 0 0 0 0 0 0 0 0 0 0 0
chcon/1773 0 0 0 0 0 0 0 0 0 0 0 0 0 0 0 0 0 0 0 0 0
chcon/1772 1 0 1 0 0 0 0 0 0 0 0 0 0 0 0 0 0 0 0 0 0
chcon/1671 1 0 1 0 0 0 0 0 0 0 0 0 0 0 0 0 0 0 0 0 0
chcon/1672 1 0 1 0 0 0 0 0 0 0 0 0 0 0 0 0 0 0 0 0 0
chcon/1468 0 0 0 0 0 0 0 0 0 0 0 0 0 0 0 0 0 0 0 0 0
chcon/1084 0 0 0 0 0 0 0 0 0 0 0 0 0 0 0 0 0 0 0 0 0
chcon/1679 1 0 1 0 0 0 0 0 0 0 0 0 0 0 0 0 0 0 0 0 0
chcon/1362 0 0 0 0 0 1 0 0 0 0 0 0 0 0 0 0 0 0 0 0 0
chcon/486 0 0 0 0 0 0 0 0 1 1 1 1 1 1 1 1 1 1 1 1 0
chcon/485 0 0 0 0 0 0 0 0 0 0 1 1 0 1 0 0 1 1 1 0 0
chcon/484 0 0 0 0 0 0 0 0 1 1 0 0 1 0 1 1 0 0 0 1 0
chcon/483 0 0 0 0 0 0 0 0 0 0 0 0 0 0 0 0 0 0 0 0 0
chcon/482 0 0 0 0 0 0 0 0 0 0 0 0 0 0 0 0 0 0 0 0 0
chcon/481 0 0 0 0 0 0 0 0 0 0 0 0 0 0 0 0 0 0 0 0 0
chcon/480 1 0 1 0 0 0 1 0 0 0 0 0 0 0 0 0 0 0 0 0 0
chcon/1501 0 1 0 0 0 0 0 0 0 0 0 0 0 0 0 0 0 0 0 0 0
chcon/1363 0 0 0 0 0 1 0 0 0 0 0 0 0 0 0 0 0 0 0 0 0
chcon/1580 0 0 0 0 0 0 0 0 0 0 0 0 0 0 0 0 0 0 0 0 0
chcon/1581 1 0 1 0 0 0 0 0 0 0 0 0 0 0 0 0 0 0 0 0 0
chcon/1177 1 1 1 0 0 0 1 1 0 0 0 0 0 0 0 0 0 0 0 0 0
chcon/1176 1 1 1 0 0 0 0 0 0 0 0 0 0 0 0 0 0 0 0 0 0
chcon/1175 0 1 0 0 0 0 0 0 0 0 0 0 0 0 0 0 0 0 0 0 0
chcon/1174 0 1 0 0 0 0 0 0 0 0 0 0 0 0 0 0 0 0 0 0 0
chcon/1173 1 1 1 0 0 0 0 0 0 0 0 0 0 0 0 0 0 0 0 0 0
chcon/1172 1 1 1 0 0 0 1 1 0 0 0 0 0 0 0 0 0 0 0 0 0
chcon/1078 0 0 0 0 0 0 0 0 0 0 0 0 0 0 0 0 0 0 0 0 0
chcon/1170 1 1 1 0 0 0 0 0 0 0 0 0 0 0 0 0 0 0 0 0 0
chcon/1076 0 1 0 0 1 1 1 1 0 0 0 0 0 0 0 0 0 0 0 0 0
chcon/1077 0 0 0 0 0 0 0 0 0 0 0 0 0 0 0 0 0 0 0 0 0
chcon/1074 0 0 0 0 0 0 0 0 0 0 0 0 0 0 0 0 0 0 0 0 0
chcon/1075 0 0 0 0 0 0 0 0 0 0 0 0 0 0 0 0 0 0 0 0 0
chcon/1073 0 0 0 0 0 0 0 0 0 0 0 0 0 0 0 0 0 0 0 0 0
chcon/1179 0 1 0 0 0 0 1 1 0 0 0 0 0 0 0 0 0 0 0 0 0
chcon/1178 0 1 0 0 0 0 0 0 0 0 0 0 0 0 0 0 0 0 0 0 0
chcon/1371 0 0 0 0 0 1 0 0 0 0 0 0 0 0 0 0 0 0 0 0 0
chcon/1370 0 0 0 0 0 1 0 0 0 0 0 0 0 0 0 0 0 0 0 0 0
chcon/39 0 0 0 1 1 1 1 1 1 1 0 0 1 0 1 1 0 0 0 1 1
chcon/38 0 0 0 1 1 1 1 1 0 0 0 0 0 0 0 0 0 0 0 0 1
chcon/1375 0 0 0 0 0 1 0 0 0 0 0 0 0 0 0 0 0 0 0 0 0
chcon/1374 0 0 0 0 0 0 0 0 0 0 0 0 0 0 0 0 0 0 0 0 0
chcon/1377 0 0 0 0 0 1 0 0 0 0 0 0 0 0 0 0 0 0 0 0 0
chcon/1376 0 0 0 0 0 0 0 0 0 0 0 0 0 0 0 0 0 0 0 0 0
chcon/33 0 0 0 0 1 1 1 1 0 0 0 0 0 0 0 0 0 0 0 0 0
chcon/32 0 0 0 1 1 1 1 1 1 1 0 0 1 0 1 1 0 0 0 1 1
chcon/30 0 0 0 1 1 1 1 1 1 1 0 0 1 0 1 1 0 0 0 1 1
chcon/35 0 0 0 0 0 0 0 0 1 1 0 0 1 0 1 1 0 0 0 1 0
chcon/34 0 0 0 1 1 1 1 1 0 0 0 0 0 0 0 0 0 0 0 0 1
chcon/410 0 0 0 0 0 0 0 0 0 0 0 0 0 0 0 0 0 0 0 0 0
chcon/411 0 0 0 0 0 0 0 0 0 0 0 0 0 0 0 0 0 0 0 0 0
chcon/412 0 0 0 0 0 0 0 0 1 1 0 0 1 0 1 1 0 0 0 1 0
chcon/413 0 0 0 0 0 0 0 0 0 0 1 1 0 1 0 0 1 1 1 0 0
chcon/414 0 0 0 0 0 0 0 0 0 0 0 0 0 0 0 0 0 0 0 0 0
chcon/415 0 0 0 0 0 0 0 0 0 0 0 0 0 0 0 0 0 0 0 0 0
chcon/416 0 0 0 0 0 0 0 0 0 0 0 0 0 0 0 0 0 0 0 0 0
chcon/417 0 0 0 0 0 0 0 0 0 0 0 0 0 0 0 0 0 0 0 0 0
chcon/418 1 0 1 0 0 0 0 0 0 0 0 0 0 0 0 0 0 0 0 0 0
chcon/419 0 0 0 0 0 0 0 0 0 0 0 0 0 0 0 0 0 0 0 0 0
chcon/1292 0 0 0 0 0 1 0 0 0 0 0 0 0 0 0 0 0 0 0 0 0
chcon/1293 0 0 0 0 0 1 0 0 0 0 0 0 0 0 0 0 0 0 0 0 0
chcon/1290 0 0 0 0 0 1 0 0 0 0 0 0 0 0 0 0 0 0 0 0 0
chcon/1291 0 0 0 0 1 0 1 1 0 0 0 0 0 0 0 0 0 0 0 0 0
chcon/1296 0 0 0 0 0 1 0 0 0 0 0 0 0 0 0 0 0 0 0 0 0
chcon/1297 0 0 0 0 1 0 1 1 0 0 0 0 0 0 0 0 0 0 0 0 0
chcon/1294 0 0 0 0 1 0 1 1 0 0 0 0 0 0 0 0 0 0 0 0 0
chcon/1295 0 0 0 0 0 1 0 0 0 0 0 0 0 0 0 0 0 0 0 0 0
chcon/1298 0 0 0 0 1 1 1 1 0 0 0 0 0 0 0 0 0 0 0 0 0
chcon/1299 0 0 0 0 0 1 0 0 0 0 0 0 0 0 0 0 0 0 0 0 0
chcon/1100 0 0 0 0 0 0 0 0 0 0 0 0 0 0 0 0 0 0 0 0 0
chcon/1458 0 1 0 0 0 0 0 0 0 0 0 0 0 0 0 0 0 0 0 0 0
chcon/1459 0 0 0 0 0 0 0 0 0 0 0 0 0 0 0 0 0 0 0 0 0
chcon/1454 0 1 0 0 0 0 0 0 0 0 0 0 0 0 0 0 0 0 0 0 0
chcon/1455 0 0 0 0 0 0 0 0 0 0 0 0 0 0 0 0 0 0 0 0 0
chcon/1456 0 0 0 0 0 0 0 0 0 0 0 0 0 0 0 0 0 0 0 0 0
chcon/1457 0 0 0 0 0 0 0 0 0 0 0 0 0 0 0 0 0 0 0 0 0
chcon/1450 0 1 0 0 0 0 0 0 0 0 0 0 0 0 0 0 0 0 0 0 0
chcon/1451 0 0 0 0 0 0 0 0 0 0 0 0 0 0 0 0 0 0 0 0 0
chcon/1452 0 1 0 0 0 0 0 0 0 0 0 0 0 0 0 0 0 0 0 0 0
chcon/1453 0 1 0 0 0 0 0 0 0 0 0 0 0 0 0 0 0 0 0 0 0
chcon/1858 0 0 0 0 0 0 0 0 0 0 0 0 0 0 0 0 0 0 0 0 0
chcon/1859 1 0 1 0 0 0 0 0 0 0 0 0 0 0 0 0 0 0 0 0 0
chcon/1850 1 0 1 0 0 0 0 0 0 0 0 0 0 0 0 0 0 0 0 0 0
chcon/1851 0 0 0 0 0 0 0 0 0 0 0 0 0 0 0 0 0 0 0 0 0
chcon/1852 0 0 0 0 0 0 0 0 0 0 0 0 0 0 0 0 0 0 0 0 0
chcon/1853 1 0 1 0 0 0 0 0 0 0 0 0 0 0 0 0 0 0 0 0 0
chcon/1854 1 0 1 0 0 0 0 0 0 0 0 0 0 0 0 0 0 0 0 0 0
chcon/1855 1 0 1 0 0 0 0 0 0 0 0 0 0 0 0 0 0 0 0 0 0
chcon/1857 1 0 1 0 0 0 0 0 0 0 0 0 0 0 0 0 0 0 0 0 0
chcon/1789 1 0 1 0 0 0 0 0 0 0 0 0 0 0 0 0 0 0 0 0 0
chcon/257 1 1 1 0 1 1 1 1 0 0 0 0 0 0 0 0 0 0 0 0 0
chcon/254 1 1 1 0 1 1 1 1 0 0 0 0 0 0 0 0 0 0 0 0 0
chcon/255 1 1 1 1 1 1 0 0 1 1 1 1 1 1 1 1 1 1 1 1 1
chcon/252 1 1 1 0 1 1 1 1 1 1 1 1 1 1 1 1 1 1 1 1 0
chcon/253 1 1 1 0 1 1 1 1 0 0 0 0 0 0 0 0 0 0 0 0 0
chcon/250 1 0 1 1 0 0 0 0 1 1 1 1 1 1 1 1 1 1 1 1 1
chcon/318 0 0 0 1 0 0 0 0 0 0 0 0 0 0 0 0 0 0 0 0 1
chcon/317 1 0 1 1 0 0 0 0 0 0 0 0 0 0 0 0 0 0 0 0 1
chcon/316 0 0 0 1 0 0 0 0 0 0 0 0 0 0 0 0 0 0 0 0 1
chcon/315 1 0 1 1 0 0 1 1 1 1 1 1 1 1 1 1 1 1 1 1 1
chcon/314 1 1 1 1 0 1 1 1 1 1 1 1 1 1 1 1 1 1 1 1 1
chcon/313 1 0 1 0 0 1 0 0 0 0 0 0 0 0 0 0 0 0 0 0 0
chcon/312 1 1 1 1 0 1 1 1 1 1 1 1 1 1 1 1 1 1 1 1 1
chcon/258 0 0 0 0 0 0 0 0 0 0 0 0 0 0 0 0 0 0 0 0 0
chcon/259 1 1 1 0 1 1 1 1 0 0 0 0 0 0 0 0 0 0 0 0 0
chcon/1619 0 0 0 0 0 0 0 0 0 0 0 0 0 0 0 0 0 0 0 0 0
chcon/1924 1 0 1 0 0 0 0 0 0 0 0 0 0 0 0 0 0 0 0 0 0
chcon/700 1 0 1 0 0 0 0 0 0 0 0 0 0 0 0 0 0 0 0 0 0
chcon/877 0 0 0 0 0 0 0 0 0 0 0 0 0 0 0 0 0 0 0 0 0
chcon/875 0 0 0 0 0 0 0 0 0 0 0 0 0 0 0 0 0 0 0 0 0
chcon/1630 0 0 0 0 0 0 0 0 0 0 0 0 0 0 0 0 0 0 0 0 0
chcon/1631 1 0 1 0 0 0 0 0 0 0 0 0 0 0 0 0 0 0 0 0 0
chcon/1632 1 0 1 0 0 0 0 0 0 0 0 0 0 0 0 0 0 0 0 0 0
chcon/1634 1 0 1 0 0 0 0 0 0 0 0 0 0 0 0 0 0 0 0 0 0
chcon/1153 1 1 1 0 0 0 0 0 0 0 0 0 0 0 0 0 0 0 0 0 0
chcon/1636 1 0 1 0 0 0 0 0 0 0 0 0 0 0 0 0 0 0 0 0 0
chcon/1637 1 0 1 0 0 0 0 0 0 0 0 0 0 0 0 0 0 0 0 0 0
chcon/1475 0 0 0 0 0 0 0 0 0 0 0 0 0 0 0 0 0 0 0 0 0
chcon/1639 1 0 1 0 0 0 0 0 0 0 0 0 0 0 0 0 0 0 0 0 0
chcon/1926 1 0 1 0 0 0 0 0 0 0 0 0 0 0 0 0 0 0 0 0 0
chcon/1152 0 0 0 0 1 1 1 1 0 0 0 0 0 0 0 0 0 0 0 0 0
chcon/1920 1 0 1 0 0 0 0 0 0 0 0 0 0 0 0 0 0 0 0 0 0
chcon/1922 1 0 1 0 0 0 0 0 0 0 0 0 0 0 0 0 0 0 0 0 0
chcon/1923 1 0 1 0 0 0 0 0 0 0 0 0 0 0 0 0 0 0 0 0 0
chcon/1015 1 0 1 0 0 0 0 0 0 0 0 0 0 0 0 0 0 0 0 0 0
chcon/1869 0 0 0 0 0 0 0 0 0 0 0 0 0 0 0 0 0 0 0 0 0
chcon/170 1 1 1 1 1 1 1 1 1 1 1 1 1 1 1 1 1 1 1 1 1
chcon/174 0 0 0 0 0 0 0 0 0 0 0 0 0 0 0 0 0 0 0 0 0
chcon/671 0 0 0 0 0 0 0 1 0 0 0 0 0 0 0 0 0 0 0 0 0
chcon/672 0 0 0 0 0 0 0 0 0 0 0 0 0 0 0 0 0 0 0 0 0
chcon/673 0 0 0 0 0 0 0 1 0 0 0 0 0 0 0 0 0 0 0 0 0
chcon/674 0 0 0 0 0 0 0 0 0 0 0 0 0 0 0 0 0 0 0 0 0
chcon/675 1 0 1 0 0 0 0 0 0 0 0 0 0 0 0 0 0 0 0 0 0
chcon/676 0 0 0 0 0 0 0 0 0 0 0 0 0 0 0 0 0 0 0 0 0
chcon/677 0 0 0 0 0 0 0 0 0 0 0 0 0 0 0 0 0 0 0 0 0
chcon/246 0 0 0 0 0 0 0 0 0 0 0 0 0 0 0 0 0 0 0 0 0
chcon/1705 1 0 1 0 0 0 0 0 0 0 0 0 0 0 0 0 0 0 0 0 0
chcon/1339 0 0 0 0 0 1 0 0 0 0 0 0 0 0 0 0 0 0 0 0 0
chcon/1338 0 0 0 0 0 1 0 0 0 0 0 0 0 0 0 0 0 0 0 0 0
chcon/1702 1 0 1 0 0 0 0 0 0 0 0 0 0 0 0 0 0 0 0 0 0
chcon/1703 1 0 1 0 0 0 0 0 0 0 0 0 0 0 0 0 0 0 0 0 0
chcon/1335 0 0 0 0 0 0 0 0 0 0 0 0 0 0 0 0 0 0 0 0 0
chcon/1334 0 0 0 0 0 1 0 0 0 0 0 0 0 0 0 0 0 0 0 0 0
chcon/1331 0 0 0 0 0 1 0 0 0 0 0 0 0 0 0 0 0 0 0 0 0
chcon/1330 0 0 0 0 0 1 0 0 0 0 0 0 0 0 0 0 0 0 0 0 0
chcon/1333 0 0 0 0 0 1 0 0 0 0 0 0 0 0 0 0 0 0 0 0 0
chcon/1332 0 0 0 0 0 1 0 0 0 0 0 0 0 0 0 0 0 0 0 0 0
chcon/77 0 0 0 0 0 0 0 0 1 1 0 0 1 0 1 1 0 0 0 1 0
chcon/76 0 0 0 0 0 0 0 0 1 1 0 0 1 0 1 1 0 0 0 1 0
chcon/74 0 0 0 0 0 0 0 0 1 1 0 0 1 0 1 1 0 0 0 1 0
chcon/73 0 0 0 0 0 0 0 0 1 1 0 0 1 0 1 1 0 0 0 1 0
chcon/71 0 0 0 0 0 0 0 0 1 1 0 0 1 0 1 1 0 0 0 1 0
chcon/70 0 0 0 0 0 0 0 0 1 1 0 0 1 0 1 1 0 0 0 1 0
chcon/79 0 0 0 0 0 0 0 0 1 1 0 0 1 0 1 1 0 0 0 1 0
chcon/908 0 0 0 0 0 0 0 0 0 0 0 0 0 0 0 0 0 0 0 0 0
chcon/909 0 0 0 0 0 0 0 0 0 0 0 0 0 0 0 0 0 0 0 0 0
chcon/458 1 0 1 0 0 0 1 0 0 0 1 1 0 1 0 0 1 1 1 0 0
chcon/459 0 0 0 0 0 0 0 0 0 0 0 0 0 0 0 0 0 0 0 0 0
chcon/454 0 0 0 0 0 0 0 0 0 0 0 0 0 0 0 0 0 0 0 0 0
chcon/455 0 0 0 0 0 0 0 0 0 0 0 0 0 0 0 0 0 0 0 0 0
chcon/456 0 0 0 0 0 0 0 0 0 0 0 0 0 0 0 0 0 0 0 0 0
chcon/457 1 0 1 0 0 0 1 0 1 1 0 0 1 0 1 1 0 0 0 1 0
chcon/450 0 0 0 0 0 0 0 0 0 0 0 0 0 0 0 0 0 0 0 0 0
chcon/451 0 0 0 0 0 0 0 0 0 0 0 0 0 0 0 0 0 0 0 0 0
chcon/452 0 0 0 0 0 0 0 0 1 1 0 0 1 0 1 1 0 0 0 1 0
chcon/327 1 0 1 1 0 0 1 0 0 0 0 0 0 0 0 0 0 0 0 0 1
chcon/515 1 0 1 0 0 0 0 0 0 0 0 0 0 0 0 0 0 0 0 0 0
chcon/516 0 0 0 0 0 0 0 0 0 0 0 0 0 0 0 0 0 0 0 0 0
chcon/1096 0 1 0 0 1 1 1 1 0 0 0 0 0 0 0 0 0 0 0 0 0
chcon/1418 0 0 0 0 0 0 0 0 0 0 0 0 0 0 0 0 0 0 0 0 0
chcon/1419 1 0 1 0 0 0 0 0 0 0 0 0 0 0 0 0 0 0 0 0 0
chcon/1148 0 1 0 0 0 0 0 0 0 0 0 0 0 0 0 0 0 0 0 0 0
chcon/1149 0 0 0 0 0 1 0 0 0 0 0 0 0 0 0 0 0 0 0 0 0
chcon/1146 0 0 0 0 0 1 1 1 0 0 0 0 0 0 0 0 0 0 0 0 0
chcon/1147 0 1 0 0 0 0 1 1 0 0 0 0 0 0 0 0 0 0 0 0 0
chcon/1144 1 1 0 0 0 0 1 1 0 0 0 0 0 0 0 0 0 0 0 0 0
chcon/1145 1 1 1 0 0 0 0 0 0 0 0 0 0 0 0 0 0 0 0 0 0
chcon/1142 1 1 1 0 0 0 0 0 0 0 0 0 0 0 0 0 0 0 0 0 0
chcon/1143 1 1 1 0 0 0 0 0 0 0 0 0 0 0 0 0 0 0 0 0 0
chcon/1140 0 1 0 0 0 0 1 1 0 0 0 0 0 0 0 0 0 0 0 0 0
chcon/1141 1 1 1 0 0 0 1 1 0 0 0 0 0 0 0 0 0 0 0 0 0
chcon/1023 1 0 1 0 0 0 0 0 0 0 0 0 0 0 0 0 0 0 0 0 0
chcon/992 1 0 1 0 0 0 0 0 0 0 0 0 0 0 0 0 0 0 0 0 0
chcon/995 1 0 1 0 0 0 0 0 0 0 0 0 0 0 0 0 0 0 0 0 0
chcon/1024 0 0 0 0 0 0 0 0 0 0 0 0 0 0 0 0 0 0 0 0 0
chcon/997 1 0 1 0 0 0 0 0 0 0 0 0 0 0 0 0 0 0 0 0 0
chcon/1026 0 0 0 0 0 0 0 0 0 0 0 0 0 0 0 0 0 0 0 0 0
chcon/999 0 0 0 0 0 0 0 0 0 0 0 0 0 0 0 0 0 0 0 0 0
chcon/1381 0 0 0 0 1 1 1 1 0 0 0 0 0 0 0 0 0 0 0 0 0
chcon/1382 1 1 1 0 0 0 0 0 0 0 0 0 0 0 0 0 0 0 0 0 0
chcon/1693 1 0 1 0 0 0 0 0 0 0 0 0 0 0 0 0 0 0 0 0 0
chcon/1690 0 0 0 0 0 0 0 0 0 0 0 0 0 0 0 0 0 0 0 0 0
chcon/1645 1 0 1 0 0 0 0 0 0 0 0 0 0 0 0 0 0 0 0 0 0
chcon/1691 1 0 1 0 0 0 0 0 0 0 0 0 0 0 0 0 0 0 0 0 0
chcon/429 0 0 0 0 0 0 0 0 0 0 0 0 0 0 0 0 0 0 0 0 0
chcon/428 0 0 0 0 0 0 0 0 0 0 0 0 0 0 0 0 0 0 0 0 0
chcon/359 0 0 0 0 0 0 0 0 0 0 0 0 0 0 0 0 0 0 0 0 0
chcon/358 0 0 0 0 0 0 0 0 0 0 0 0 0 0 0 0 0 0 0 0 0
chcon/297 1 0 1 0 0 0 1 1 1 1 1 1 1 1 1 1 1 1 1 1 0
chcon/1090 0 0 0 0 0 0 0 0 0 0 0 0 0 0 0 0 0 0 0 0 0
chcon/353 0 0 0 0 0 0 0 0 0 0 0 0 0 0 0 0 0 0 0 0 0
chcon/352 0 0 0 0 0 0 0 0 0 0 0 0 0 0 0 0 0 0 0 0 0
chcon/423 0 0 0 0 0 0 0 0 0 0 1 1 0 1 0 0 1 1 1 0 0
chcon/422 0 0 0 0 0 0 0 0 1 1 0 0 1 0 1 1 0 0 0 1 0
chcon/357 0 0 0 0 0 0 0 0 0 0 0 0 0 0 0 0 0 0 0 0 0
chcon/424 0 0 0 0 0 0 0 0 0 0 0 0 0 0 0 0 0 0 0 0 0
chcon/355 0 0 0 0 0 0 0 0 0 0 0 0 0 0 0 0 0 0 0 0 0
chcon/426 0 0 0 0 0 0 0 0 0 0 0 0 0 0 0 0 0 0 0 0 0
chcon/1644 1 0 1 0 0 0 0 0 0 0 0 0 0 0 0 0 0 0 0 0 0
chcon/191 1 1 1 1 1 1 1 1 1 1 1 1 1 1 1 1 1 1 1 1 1
chcon/190 0 0 0 0 0 0 0 0 0 0 0 0 0 0 0 0 0 0 0 0 0
chcon/1244 1 1 1 0 1 0 1 1 0 0 0 0 0 0 0 0 0 0 0 0 0
chcon/1247 1 1 1 0 0 0 0 0 0 0 0 0 0 0 0 0 0 0 0 0 0
chcon/1246 1 1 1 0 0 0 0 0 0 0 0 0 0 0 0 0 0 0 0 0 0
chcon/1091 0 0 0 0 0 0 0 0 0 0 0 0 0 0 0 0 0 0 0 0 0
chcon/1240 1 1 1 0 1 0 1 1 0 0 0 0 0 0 0 0 0 0 0 0 0
chcon/1564 1 0 1 0 0 0 0 0 0 0 0 0 0 0 0 0 0 0 0 0 0
chcon/1565 1 0 1 0 0 0 0 0 0 0 0 0 0 0 0 0 0 0 0 0 0
chcon/1248 1 1 1 0 1 0 1 1 0 0 0 0 0 0 0 0 0 0 0 0 0
chcon/1562 1 0 1 0 0 0 0 0 0 0 0 0 0 0 0 0 0 0 0 0 0
chcon/1563 0 0 0 0 0 0 0 0 0 0 0 0 0 0 0 0 0 0 0 0 0
chcon/1968 1 0 1 0 0 0 0 0 0 0 0 0 0 0 0 0 0 0 0 0 0
chcon/1969 0 0 0 0 0 0 0 0 0 0 0 0 0 0 0 0 0 0 0 0 0
chcon/344 0 0 0 0 0 0 0 0 0 0 0 0 0 0 0 0 0 0 0 0 0
chcon/345 0 0 0 0 0 0 0 0 0 0 0 0 0 0 0 0 0 0 0 0 0
chcon/346 0 0 0 0 0 0 0 0 0 0 0 0 0 0 0 0 0 0 0 0 0
chcon/347 0 0 0 0 0 0 0 0 1 1 0 0 1 0 1 1 0 0 0 1 0
chcon/229 0 1 0 0 0 1 0 0 0 0 0 0 0 0 0 0 0 0 0 0 0
chcon/436 0 0 0 0 0 0 0 0 0 0 0 0 0 0 0 0 0 0 0 0 0
chcon/1613 1 0 1 0 0 0 0 0 0 0 0 0 0 0 0 0 0 0 0 0 0
chcon/221 0 0 0 0 0 0 0 0 0 0 0 0 0 0 0 0 0 0 0 0 0
chcon/437 0 0 0 0 0 0 0 0 0 0 0 0 0 0 0 0 0 0 0 0 0
chcon/434 0 0 0 0 0 0 0 0 0 0 0 0 0 0 0 0 0 0 0 0 0
chcon/1929 1 0 1 0 0 0 0 0 0 0 0 0 0 0 0 0 0 0 0 0 0
chcon/435 0 0 0 0 0 0 0 0 0 0 0 0 0 0 0 0 0 0 0 0 0
chcon/889 0 0 0 0 0 0 0 0 0 0 0 0 0 0 0 0 0 0 0 0 0
chcon/888 0 0 0 0 0 0 0 0 0 0 0 0 0 0 0 0 0 0 0 0 0
chcon/735 1 0 1 0 0 0 0 0 0 0 0 0 0 0 0 0 0 0 0 0 0
chcon/882 0 0 0 0 0 0 0 0 0 0 0 0 0 0 0 0 0 0 0 0 0
chcon/881 0 0 0 0 0 0 0 0 0 0 0 0 0 0 0 0 0 0 0 0 0
chcon/880 0 0 0 0 0 0 0 0 0 0 0 0 0 0 0 0 0 0 0 0 0
chcon/731 0 0 0 0 0 0 0 0 0 0 0 0 0 0 0 0 0 0 0 0 0
chcon/730 1 0 1 0 0 0 1 0 0 0 0 0 0 0 0 0 0 0 0 0 0
chcon/885 0 0 0 0 0 0 0 0 0 0 0 0 0 0 0 0 0 0 0 0 0
chcon/732 1 0 1 0 0 0 1 0 0 0 0 0 0 0 0 0 0 0 0 0 0
chcon/1748 0 0 0 0 0 0 0 0 0 0 0 0 0 0 0 0 0 0 0 0 0
chcon/1749 0 0 0 0 0 0 0 0 0 0 0 0 0 0 0 0 0 0 0 0 0
chcon/465 0 0 0 0 0 0 0 0 0 0 1 1 0 1 0 0 1 1 1 0 0
chcon/396 0 0 0 0 0 0 0 0 0 0 0 0 0 0 0 0 0 0 0 0 0
chcon/395 0 0 0 0 0 0 0 0 0 0 0 0 0 0 0 0 0 0 0 0 0
chcon/1129 0 1 0 0 1 1 1 1 0 0 0 0 0 0 0 0 0 0 0 0 0
chcon/466 0 0 0 0 0 0 0 0 1 1 0 0 1 0 1 1 0 0 0 1 0
chcon/1578 0 0 0 0 0 0 0 0 0 0 0 0 0 0 0 0 0 0 0 0 0
chcon/461 0 0 0 0 0 0 0 0 1 1 0 0 1 0 1 1 0 0 0 1 0
chcon/392 0 0 0 0 0 0 0 0 0 0 0 0 0 0 0 0 0 0 0 0 0
chcon/463 0 0 0 0 0 0 0 0 0 0 0 0 0 0 0 0 0 0 0 0 0
chcon/390 0 0 0 0 0 0 0 0 0 0 1 1 0 1 0 0 1 1 1 0 0
chcon/1605 1 0 1 0 0 0 0 0 0 0 0 0 0 0 0 0 0 0 0 0 0
chcon/1599 1 0 1 0 0 0 0 0 0 0 0 0 0 0 0 0 0 0 0 0 0
chcon/1598 1 0 1 0 0 0 0 0 0 0 0 0 0 0 0 0 0 0 0 0 0
chcon/1918 1 0 1 0 0 0 0 0 0 0 0 0 0 0 0 0 0 0 0 0 0
chcon/1597 0 0 0 0 0 0 0 0 0 0 0 0 0 0 0 0 0 0 0 0 0
chcon/1596 1 0 1 0 0 0 0 0 0 0 0 0 0 0 0 0 0 0 0 0 0
chcon/1607 1 0 1 0 0 0 0 0 0 0 0 0 0 0 0 0 0 0 0 0 0
chcon/1099 0 0 0 0 0 0 0 0 0 0 0 0 0 0 0 0 0 0 0 0 0
chcon/541 1 0 1 0 0 0 0 0 0 0 0 0 0 0 0 0 0 0 0 0 0
chcon/1069 0 0 0 0 0 0 0 0 0 0 0 0 0 0 0 0 0 0 0 0 0
chcon/1601 1 0 1 0 0 0 0 0 0 0 0 0 0 0 0 0 0 0 0 0 0
chcon/1600 1 0 1 0 0 0 0 0 0 0 0 0 0 0 0 0 0 0 0 0 0
chcon/1697 1 0 1 0 0 0 0 0 0 0 0 0 0 0 0 0 0 0 0 0 0
chcon/1346 0 0 0 0 0 1 0 0 0 0 0 0 0 0 0 0 0 0 0 0 0
chcon/1347 0 0 0 0 0 1 0 0 0 0 0 0 0 0 0 0 0 0 0 0 0
chcon/1340 0 0 0 0 0 1 0 0 0 0 0 0 0 0 0 0 0 0 0 0 0
chcon/1603 1 0 1 0 0 0 0 0 0 0 0 0 0 0 0 0 0 0 0 0 0
chcon/1342 0 0 0 0 0 1 0 0 0 0 0 0 0 0 0 0 0 0 0 0 0
chcon/1343 0 0 0 0 0 1 0 0 0 0 0 0 0 0 0 0 0 0 0 0 0
chcon/1916 1 0 1 0 0 0 0 0 0 0 0 0 0 0 0 0 0 0 0 0 0
chcon/1348 0 0 0 0 0 0 0 0 0 0 0 0 0 0 0 0 0 0 0 0 0
chcon/900 0 0 0 0 0 0 0 0 0 0 0 0 0 0 0 0 0 0 0 0 0
chcon/1528 0 1 0 0 0 0 0 0 0 0 0 0 0 0 0 0 0 0 0 0 0
chcon/901 0 0 0 0 0 0 0 0 0 0 0 0 0 0 0 0 0 0 0 0 0
chcon/1529 0 1 0 0 0 0 0 0 0 0 0 0 0 0 0 0 0 0 0 0 0
chcon/906 0 0 0 0 0 0 0 0 0 0 0 0 0 0 0 0 0 0 0 0 0
chcon/907 0 0 0 0 0 0 0 0 0 0 0 0 0 0 0 0 0 0 0 0 0
chcon/397 1 0 1 0 0 0 0 0 0 0 0 0 0 0 0 0 0 0 0 0 0
chcon/464 0 0 0 0 0 0 0 0 1 1 0 0 1 0 1 1 0 0 0 1 0
chcon/467 0 0 0 0 0 0 0 0 0 0 1 1 0 1 0 0 1 1 1 0 0
chcon/394 0 0 0 0 0 0 0 0 0 0 0 0 0 0 0 0 0 0 0 0 0
chcon/393 0 0 0 0 0 0 0 0 0 0 0 0 0 0 0 0 0 0 0 0 0
chcon/460 0 0 0 0 0 0 0 0 0 0 0 0 0 0 0 0 0 0 0 0 0
chcon/391 0 0 0 0 0 0 0 0 0 0 0 0 0 0 0 0 0 0 0 0 0
chcon/462 0 0 0 0 0 0 0 0 0 0 1 1 0 1 0 0 1 1 1 0 0
chcon/542 0 0 0 0 0 0 0 0 0 0 0 0 0 0 0 0 0 0 0 0 0
chcon/540 0 0 0 0 0 0 0 0 0 0 0 0 0 0 0 0 0 0 0 0 0
chcon/453 0 0 0 0 0 0 0 0 0 0 1 1 0 1 0 0 1 1 1 0 0
chcon/469 0 0 0 0 0 0 0 0 0 0 0 0 0 0 0 0 0 0 0 0 0
chcon/468 0 0 0 0 0 0 0 0 1 1 1 1 1 1 1 1 1 1 1 1 0
chcon/399 0 0 0 0 0 0 0 0 0 0 0 0 0 0 0 0 0 0 0 0 0
chcon/398 0 0 0 0 0 0 0 0 0 0 0 0 0 0 0 0 0 0 0 0 0
chcon/1281 0 0 0 0 1 1 1 1 0 0 0 0 0 0 0 0 0 0 0 0 0
chcon/1280 0 0 0 0 1 1 1 1 0 0 0 0 0 0 0 0 0 0 0 0 0
chcon/1283 0 0 0 0 0 1 0 0 0 0 0 0 0 0 0 0 0 0 0 0 0
chcon/1282 0 0 0 0 0 1 0 0 0 0 0 0 0 0 0 0 0 0 0 0 0
chcon/1285 0 0 0 0 1 1 1 1 0 0 0 0 0 0 0 0 0 0 0 0 0
chcon/1287 0 0 0 0 1 1 1 1 0 0 0 0 0 0 0 0 0 0 0 0 0
chcon/1286 0 0 0 0 0 0 0 0 0 0 0 0 0 0 0 0 0 0 0 0 0
chcon/1289 0 0 0 0 0 1 0 0 0 0 0 0 0 0 0 0 0 0 0 0 0
chcon/1288 0 0 0 0 1 1 1 1 0 0 0 0 0 0 0 0 0 0 0 0 0
chcon/1523 0 1 0 0 0 0 0 0 0 0 0 0 0 0 0 0 0 0 0 0 0
chcon/1524 0 0 0 0 0 0 0 0 0 0 0 0 0 0 0 0 0 0 0 0 0
chcon/1526 0 1 0 0 0 0 0 0 0 0 0 0 0 0 0 0 0 0 0 0 0
chcon/1527 0 0 0 0 0 0 0 0 0 0 0 0 0 0 0 0 0 0 0 0 0
chcon/1442 0 1 0 0 0 0 0 0 0 0 0 0 0 0 0 0 0 0 0 0 0
chcon/1441 0 1 0 0 0 0 0 0 0 0 0 0 0 0 0 0 0 0 0 0 0
chcon/1447 0 0 0 0 0 0 0 0 0 0 0 0 0 0 0 0 0 0 0 0 0
chcon/1446 0 0 0 0 0 0 0 0 0 0 0 0 0 0 0 0 0 0 0 0 0
chcon/1449 0 1 0 0 0 0 0 0 0 0 0 0 0 0 0 0 0 0 0 0 0
chcon/1448 0 1 0 0 0 0 0 0 0 0 0 0 0 0 0 0 0 0 0 0 0
chcon/1849 0 0 0 0 0 0 0 0 0 0 0 0 0 0 0 0 0 0 0 0 0
chcon/1848 1 0 1 0 0 0 0 0 0 0 0 0 0 0 0 0 0 0 0 0 0
chcon/1846 0 0 0 0 0 0 0 0 0 0 0 0 0 0 0 0 0 0 0 0 0
chcon/1845 0 0 0 0 0 0 0 0 0 0 0 0 0 0 0 0 0 0 0 0 0
chcon/1844 0 0 0 0 0 0 0 0 0 0 0 0 0 0 0 0 0 0 0 0 0
chcon/1843 1 0 1 0 0 0 0 0 0 0 0 0 0 0 0 0 0 0 0 0 0
chcon/1842 0 0 0 0 0 0 0 0 0 0 0 0 0 0 0 0 0 0 0 0 0
chcon/1840 0 0 0 0 0 0 0 0 0 0 0 0 0 0 0 0 0 0 0 0 0
chcon/269 0 0 0 0 0 0 0 0 1 1 1 1 1 1 1 1 1 1 1 1 0
chcon/262 1 1 1 1 1 1 0 0 1 1 1 1 1 1 1 1 1 1 1 1 1
chcon/261 1 1 1 0 1 1 1 1 0 0 0 0 0 0 0 0 0 0 0 0 0
chcon/267 0 0 0 0 0 0 0 0 1 1 1 1 1 1 1 1 1 1 1 1 0
chcon/265 1 1 1 0 1 1 1 1 1 1 1 1 1 1 1 1 1 1 1 1 0
chcon/264 1 0 1 1 0 0 0 0 0 0 0 0 0 0 0 0 0 0 0 0 1
chcon/305 1 1 1 1 0 1 1 1 1 1 1 1 1 1 1 1 1 1 1 1 1
chcon/306 1 1 1 0 1 1 1 1 0 0 0 0 0 0 0 0 0 0 0 0 0
chcon/308 1 1 1 0 1 1 1 1 1 1 1 1 1 1 1 1 1 1 1 1 0
chcon/1238 1 1 1 0 0 0 0 0 0 0 0 0 0 0 0 0 0 0 0 0 0
chcon/1234 1 0 1 0 0 0 0 0 0 0 0 0 0 0 0 0 0 0 0 0 0
chcon/1235 0 1 0 0 0 0 0 0 0 0 0 0 0 0 0 0 0 0 0 0 0
chcon/1236 1 1 1 0 0 0 0 0 0 0 0 0 0 0 0 0 0 0 0 0 0
chcon/1237 0 0 0 0 1 1 1 1 0 0 0 0 0 0 0 0 0 0 0 0 0
chcon/1231 0 0 0 0 0 0 1 1 0 0 0 0 0 0 0 0 0 0 0 0 0
chcon/1232 0 0 0 0 1 1 0 0 0 0 0 0 0 0 0 0 0 0 0 0 0
chcon/1233 0 0 0 0 0 1 0 0 0 0 0 0 0 0 0 0 0 0 0 0 0
chcon/847 0 0 0 0 0 0 0 0 0 0 1 1 0 1 0 0 1 1 1 0 0
chcon/846 0 0 0 0 0 0 0 0 0 0 1 1 0 1 0 0 1 1 1 0 0
chcon/845 0 0 0 0 0 0 0 0 0 0 1 1 0 1 0 0 1 1 1 0 0
chcon/844 0 0 0 0 0 0 0 0 0 0 1 1 0 1 0 0 1 1 1 0 0
chcon/843 0 0 0 0 0 0 0 0 0 0 1 1 0 1 0 0 1 1 1 0 0
chcon/842 0 0 0 0 0 0 0 0 1 1 0 0 1 0 1 1 0 0 0 1 0
chcon/1768 0 0 0 0 0 0 0 0 0 0 0 0 0 0 0 0 0 0 0 0 0
chcon/849 0 0 0 0 0 0 0 0 0 0 1 1 0 1 0 0 1 1 1 0 0
chcon/848 0 0 0 0 0 0 0 0 0 0 1 1 0 1 0 0 1 1 1 0 0
chcon/1627 1 0 1 0 0 0 0 0 0 0 0 0 0 0 0 0 0 0 0 0 0
chcon/1626 1 0 1 0 0 0 0 0 0 0 0 0 0 0 0 0 0 0 0 0 0
chcon/1625 1 0 1 0 0 0 0 0 0 0 0 0 0 0 0 0 0 0 0 0 0
chcon/1839 1 0 1 0 0 0 0 0 0 0 0 0 0 0 0 0 0 0 0 0 0
chcon/1623 1 0 1 0 0 0 0 0 0 0 0 0 0 0 0 0 0 0 0 0 0
chcon/1622 1 0 1 0 0 0 0 0 0 0 0 0 0 0 0 0 0 0 0 0 0
chcon/1621 0 0 0 0 0 0 0 0 0 0 0 0 0 0 0 0 0 0 0 0 0
chcon/1620 1 0 1 0 0 0 0 0 0 0 0 0 0 0 0 0 0 0 0 0 0
chcon/1832 1 0 1 0 0 0 0 0 0 0 0 0 0 0 0 0 0 0 0 0 0
chcon/1830 1 0 1 0 0 0 0 0 0 0 0 0 0 0 0 0 0 0 0 0 0
chcon/1831 1 0 1 0 0 0 0 0 0 0 0 0 0 0 0 0 0 0 0 0 0
chcon/1836 1 0 1 0 0 0 0 0 0 0 0 0 0 0 0 0 0 0 0 0 0
chcon/1629 1 0 1 0 0 0 0 0 0 0 0 0 0 0 0 0 0 0 0 0 0
chcon/1628 1 0 1 0 0 0 0 0 0 0 0 0 0 0 0 0 0 0 0 0 0
chcon/1876 0 0 0 0 0 0 0 0 0 0 0 0 0 0 0 0 0 0 0 0 0
chcon/1877 0 0 0 0 0 0 0 0 0 0 0 0 0 0 0 0 0 0 0 0 0
chcon/164 0 0 0 0 0 0 0 0 0 0 0 0 0 0 0 0 0 0 0 0 0
chcon/167 0 0 0 0 0 0 0 0 0 0 0 0 0 0 0 0 0 0 0 0 0
chcon/1414 1 1 1 0 0 0 0 0 0 0 0 0 0 0 0 0 0 0 0 0 0
chcon/168 0 0 0 0 0 0 0 0 0 0 0 0 0 0 0 0 0 0 0 0 0
chcon/169 0 0 0 0 0 0 0 0 0 0 0 0 0 0 0 0 0 0 0 0 0
chcon/1490 0 0 0 0 0 0 0 0 0 0 0 0 0 0 0 0 0 0 0 0 0
chcon/1491 0 0 0 0 0 0 0 0 0 0 0 0 0 0 0 0 0 0 0 0 0
chcon/1492 0 0 0 0 0 0 0 0 0 0 0 0 0 0 0 0 0 0 0 0 0
chcon/1493 0 0 0 0 0 0 0 0 0 0 0 0 0 0 0 0 0 0 0 0 0
chcon/1494 0 0 0 0 0 0 0 0 0 0 0 0 0 0 0 0 0 0 0 0 0
chcon/1495 0 0 0 0 0 0 0 0 0 0 0 0 0 0 0 0 0 0 0 0 0
chcon/1496 0 0 0 0 0 0 0 0 0 0 0 0 0 0 0 0 0 0 0 0 0
chcon/1497 0 0 0 0 0 0 0 0 0 0 0 0 0 0 0 0 0 0 0 0 0
chcon/1498 0 0 0 0 0 0 0 0 0 0 0 0 0 0 0 0 0 0 0 0 0
chcon/1171 0 0 0 0 0 1 1 1 0 0 0 0 0 0 0 0 0 0 0 0 0
chcon/1417 1 0 1 0 0 0 0 0 0 0 0 0 0 0 0 0 0 0 0 0 0
chcon/1300 0 0 0 0 1 0 1 1 0 0 0 0 0 0 0 0 0 0 0 0 0
chcon/1301 0 0 0 0 0 1 0 0 0 0 0 0 0 0 0 0 0 0 0 0 0
chcon/48 0 0 0 1 1 1 1 1 1 1 0 0 1 0 1 1 0 0 0 1 1
chcon/49 0 0 0 1 1 1 1 1 0 0 0 0 0 0 0 0 0 0 0 0 1
chcon/1304 0 0 0 0 0 1 0 0 0 0 0 0 0 0 0 0 0 0 0 0 0
chcon/1306 0 0 0 0 0 1 0 0 0 0 0 0 0 0 0 0 0 0 0 0 0
chcon/1307 0 0 0 0 1 1 1 1 0 0 0 0 0 0 0 0 0 0 0 0 0
chcon/1308 0 0 0 0 1 0 1 1 0 0 0 0 0 0 0 0 0 0 0 0 0
chcon/1309 0 0 0 0 1 0 1 1 0 0 0 0 0 0 0 0 0 0 0 0 0
chcon/40 0 0 0 1 1 1 1 1 1 1 0 0 1 0 1 1 0 0 0 1 1
chcon/41 0 0 0 1 1 1 1 1 1 1 0 0 1 0 1 1 0 0 0 1 1
chcon/47 0 0 0 0 0 0 0 0 1 1 0 0 1 0 1 1 0 0 0 1 0
chcon/44 0 0 0 1 1 1 1 1 1 1 0 0 1 0 1 1 0 0 0 1 1
chcon/45 0 0 0 1 1 1 1 1 1 1 0 0 1 0 1 1 0 0 0 1 1
chcon/905 0 0 0 0 0 0 0 0 0 0 0 0 0 0 0 0 0 0 0 0 0
chcon/230 0 1 0 0 0 1 0 0 0 0 0 0 0 0 0 0 0 0 0 0 0
chcon/1081 0 0 0 0 0 0 0 0 0 0 0 0 0 0 0 0 0 0 0 0 0
chcon/1080 0 0 0 0 0 0 0 0 0 0 0 0 0 0 0 0 0 0 0 0 0
chcon/1087 0 0 0 0 0 0 0 0 0 0 0 0 0 0 0 0 0 0 0 0 0
chcon/1085 0 1 0 0 1 1 1 1 0 0 0 0 0 0 0 0 0 0 0 0 0
chcon/231 1 1 1 1 1 1 1 1 1 1 1 1 1 1 1 1 1 1 1 1 1
chcon/1089 0 0 0 0 0 0 0 0 0 0 0 0 0 0 0 0 0 0 0 0 0
chcon/1380 0 0 0 0 1 1 1 1 0 0 0 0 0 0 0 0 0 0 0 0 0
chcon/117 0 0 0 0 0 0 0 0 0 0 0 0 0 0 0 0 0 0 0 0 0
chcon/116 0 0 0 0 0 0 0 0 0 0 0 0 0 0 0 0 0 0 0 0 0
chcon/119 1 1 1 1 0 1 0 0 1 1 1 1 1 1 1 1 1 1 1 1 1
chcon/118 1 1 1 1 1 1 1 1 1 1 1 1 1 1 1 1 1 1 1 1 1
chcon/1915 1 0 1 0 0 0 0 0 0 0 0 0 0 0 0 0 0 0 0 0 0
chcon/1159 1 1 1 0 0 0 0 0 0 0 0 0 0 0 0 0 0 0 0 0 0
chcon/1158 0 0 0 0 0 1 1 1 0 0 0 0 0 0 0 0 0 0 0 0 0
chcon/1155 1 1 1 0 0 0 1 1 0 0 0 0 0 0 0 0 0 0 0 0 0
chcon/1154 0 0 0 0 1 1 1 1 0 0 0 0 0 0 0 0 0 0 0 0 0
chcon/1157 1 1 1 0 1 1 1 1 0 0 0 0 0 0 0 0 0 0 0 0 0
chcon/1156 0 0 0 0 1 1 1 1 0 0 0 0 0 0 0 0 0 0 0 0 0
chcon/1151 0 1 0 0 0 0 0 0 0 0 0 0 0 0 0 0 0 0 0 0 0
chcon/1150 0 1 0 0 0 0 1 1 0 0 0 0 0 0 0 0 0 0 0 0 0
chcon/698 0 0 0 0 0 0 0 0 0 0 0 0 0 0 0 0 0 0 0 0 0
chcon/699 0 0 0 0 0 0 0 0 0 0 0 0 0 0 0 0 0 0 0 0 0
chcon/1014 1 0 1 0 0 0 0 0 0 0 0 0 0 0 0 0 0 0 0 0 0
chcon/238 1 1 1 1 1 1 1 1 1 1 0 0 1 0 1 1 0 0 0 1 1
chcon/1017 1 0 1 0 0 0 0 0 0 0 0 0 0 0 0 0 0 0 0 0 0
chcon/1010 1 0 1 0 0 0 0 0 0 0 0 0 0 0 0 0 0 0 0 0 0
chcon/239 1 1 1 1 0 1 1 1 1 1 1 1 1 1 1 1 1 1 1 1 1
chcon/1018 0 0 0 0 0 0 0 0 0 0 0 0 0 0 0 0 0 0 0 0 0
chcon/1487 0 0 0 0 0 0 0 0 0 0 0 0 0 0 0 0 0 0 0 0 0
chcon/438 0 0 0 0 0 0 0 0 0 0 0 0 0 0 0 0 0 0 0 0 0
chcon/439 1 0 1 0 0 0 0 0 1 1 0 0 1 0 1 1 0 0 0 1 0
chcon/348 0 0 0 0 0 0 0 0 0 0 1 1 0 1 0 0 1 1 1 0 0
chcon/349 0 0 0 0 0 0 0 0 0 0 0 0 0 0 0 0 0 0 0 0 0
chcon/432 0 0 0 0 0 0 0 1 0 0 1 1 0 1 0 0 1 1 1 0 0
chcon/433 0 0 0 0 0 0 0 0 0 0 0 0 0 0 0 0 0 0 0 0 0
chcon/430 0 0 0 0 0 0 0 0 0 0 0 0 0 0 0 0 0 0 0 0 0
chcon/431 0 0 0 0 0 0 0 1 1 1 0 0 1 0 1 1 0 0 0 1 0
chcon/340 0 0 0 0 0 0 0 0 0 0 0 0 0 0 0 0 0 0 0 0 0
chcon/341 0 0 0 0 0 0 0 0 0 0 0 0 0 0 0 0 0 0 0 0 0
chcon/342 0 0 0 0 0 0 0 0 0 0 0 0 0 0 0 0 0 0 0 0 0
chcon/343 1 0 1 0 0 0 0 0 0 0 0 0 0 0 0 0 0 0 0 0 0
chcon/1278 0 0 0 0 0 1 0 0 0 0 0 0 0 0 0 0 0 0 0 0 0
chcon/1279 0 0 0 0 1 1 1 1 0 0 0 0 0 0 0 0 0 0 0 0 0
chcon/188 0 0 0 0 0 0 0 0 0 0 0 0 0 0 0 0 0 0 0 0 0
chcon/189 1 0 1 0 0 0 0 0 0 0 0 0 0 0 0 0 0 0 0 0 0
chcon/1270 0 0 0 0 1 1 1 1 0 0 0 0 0 0 0 0 0 0 0 0 0
chcon/1274 0 0 0 0 0 1 0 0 0 0 0 0 0 0 0 0 0 0 0 0 0
chcon/1275 0 0 0 0 0 1 0 0 0 0 0 0 0 0 0 0 0 0 0 0 0
chcon/1276 0 0 0 0 0 1 0 0 0 0 0 0 0 0 0 0 0 0 0 0 0
chcon/1277 0 0 0 0 0 1 0 0 0 0 0 0 0 0 0 0 0 0 0 0 0
chcon/1573 1 0 1 0 0 0 0 0 0 0 0 0 0 0 0 0 0 0 0 0 0
chcon/1700 1 0 1 0 0 0 0 0 0 0 0 0 0 0 0 0 0 0 0 0 0
chcon/1478 0 0 0 0 0 0 0 0 0 0 0 0 0 0 0 0 0 0 0 0 0
chcon/1372 0 0 0 0 0 1 0 0 0 0 0 0 0 0 0 0 0 0 0 0 0
chcon/1577 0 0 0 0 0 0 0 0 0 0 0 0 0 0 0 0 0 0 0 0 0
chcon/1576 0 0 0 0 0 0 0 0 0 0 0 0 0 0 0 0 0 0 0 0 0
chcon/1472 0 0 0 0 0 0 0 0 0 0 0 0 0 0 0 0 0 0 0 0 0
chcon/1473 0 0 0 0 0 0 0 0 0 0 0 0 0 0 0 0 0 0 0 0 0
chcon/1470 0 0 0 0 0 0 0 0 0 0 0 0 0 0 0 0 0 0 0 0 0
chcon/1471 0 0 0 0 0 0 0 0 0 0 0 0 0 0 0 0 0 0 0 0 0
chcon/1476 0 0 0 0 0 0 0 0 0 0 0 0 0 0 0 0 0 0 0 0 0
chcon/1477 0 0 0 0 0 0 0 0 0 0 0 0 0 0 0 0 0 0 0 0 0
chcon/1474 0 0 0 0 0 0 0 0 0 0 0 0 0 0 0 0 0 0 0 0 0
chcon/326 0 0 0 1 0 0 0 0 0 0 0 0 0 0 0 0 0 0 0 0 1
chcon/292 1 0 1 0 0 0 1 1 1 1 1 1 1 1 1 1 1 1 1 1 0
chcon/1379 0 0 0 0 0 1 0 0 0 0 0 0 0 0 0 0 0 0 0 0 0
chcon/1875 0 0 0 0 0 0 0 0 0 0 0 0 0 0 0 0 0 0 0 0 0
chcon/1872 1 0 1 0 0 0 0 0 0 0 0 0 0 0 0 0 0 0 0 0 0
chcon/1873 1 0 1 0 0 0 0 0 0 0 0 0 0 0 0 0 0 0 0 0 0
chcon/1870 1 0 1 0 0 0 0 0 0 0 0 0 0 0 0 0 0 0 0 0 0
chcon/1378 0 0 0 0 0 1 0 0 0 0 0 0 0 0 0 0 0 0 0 0 0
chcon/1878 1 0 1 0 0 0 0 0 0 0 0 0 0 0 0 0 0 0 0 0 0
chcon/1879 0 0 0 0 0 0 0 0 0 0 0 0 0 0 0 0 0 0 0 0 0
chcon/339 0 0 0 0 0 0 0 0 0 0 0 0 0 0 0 0 0 0 0 0 0
chcon/338 0 0 0 0 0 0 0 0 0 0 0 0 0 0 0 0 0 0 0 0 0
chcon/232 0 1 0 0 0 0 0 0 0 0 0 0 0 0 0 0 0 0 0 0 0
chcon/233 1 1 1 1 1 1 1 1 1 1 1 1 1 1 1 1 1 1 1 1 1
chcon/234 0 0 0 1 1 1 1 1 1 1 0 0 1 0 1 1 0 0 0 1 1
chcon/236 1 1 1 1 1 1 1 1 1 1 1 1 1 1 1 1 1 1 1 1 1
chcon/237 1 1 1 1 1 1 1 1 1 1 1 1 1 1 1 1 1 1 1 1 1
chcon/331 0 0 0 1 0 0 0 0 1 1 0 0 1 0 1 1 0 0 0 1 1
chcon/330 0 0 0 1 0 0 0 0 0 0 0 0 0 0 0 0 0 0 0 0 1
chcon/333 0 0 0 0 0 0 0 0 0 0 0 0 0 0 0 0 0 0 0 0 0
chcon/332 0 0 0 1 0 0 0 0 0 0 1 1 0 1 0 0 1 1 1 0 1
chcon/335 0 0 0 0 0 0 0 0 0 0 0 0 0 0 0 0 0 0 0 0 0
chcon/334 0 0 0 0 0 0 0 0 0 0 0 0 0 0 0 0 0 0 0 0 0
chcon/337 0 0 0 0 0 0 0 0 0 0 0 0 0 0 0 0 0 0 0 0 0
chcon/336 0 0 0 0 0 0 0 0 0 0 0 0 0 0 0 0 0 0 0 0 0
chcon/1484 0 0 0 0 0 0 0 0 0 0 0 0 0 0 0 0 0 0 0 0 0
chcon/1883 0 0 0 0 0 0 0 0 0 0 0 0 0 0 0 0 0 0 0 0 0
chcon/1881 0 0 0 0 0 0 0 0 0 0 0 0 0 0 0 0 0 0 0 0 0
chcon/1880 1 0 1 0 0 0 0 0 0 0 0 0 0 0 0 0 0 0 0 0 0
chcon/1887 1 0 1 0 0 0 0 0 0 0 0 0 0 0 0 0 0 0 0 0 0
chcon/1885 1 0 1 0 0 0 0 0 0 0 0 0 0 0 0 0 0 0 0 0 0
chcon/1884 0 0 0 0 0 0 0 0 0 0 0 0 0 0 0 0 0 0 0 0 0
