ktestWM MFI_KLEE_TOPDIR_TEST_TEMPLATE.sh-out/klee-out-0/test000003.ktest MFI_KLEE_TOPDIR_TEST_TEMPLATE.sh-out/klee-out-0/test000001.ktest MFI_KLEE_TOPDIR_TEST_TEMPLATE.sh-out/klee-out-0/test000004.ktest MFI_KLEE_TOPDIR_TEST_TEMPLATE.sh-out/klee-out-0/test000002.ktest tests_misc_chcon-fail.sh-out/Dev-out-0/devtest.ktest tests_misc_chcon-fail.sh-out/Dev-out-1/devtest.ktest tests_misc_chcon-fail.sh-out/Dev-out-3/devtest.ktest tests_misc_chcon-fail.sh-out/Dev-out-2/devtest.ktest tests_misc_help-version.sh-out/Dev-out-0/devtest.ktest tests_misc_help-version.sh-out/Dev-out-10/devtest.ktest tests_misc_help-version.sh-out/Dev-out-1/devtest.ktest tests_misc_help-version.sh-out/Dev-out-5/devtest.ktest tests_misc_help-version.sh-out/Dev-out-6/devtest.ktest tests_misc_help-version.sh-out/Dev-out-3/devtest.ktest tests_misc_help-version.sh-out/Dev-out-2/devtest.ktest tests_misc_help-version.sh-out/Dev-out-8/devtest.ktest tests_misc_help-version.sh-out/Dev-out-11/devtest.ktest tests_misc_help-version.sh-out/Dev-out-7/devtest.ktest tests_misc_help-version.sh-out/Dev-out-9/devtest.ktest tests_misc_help-version.sh-out/Dev-out-4/devtest.ktest tests_misc_invalid-opt.pl-out/Dev-out-0/devtest.ktest
chcon/1781 1 0 1 0 0 0 0 0 0 0 0 0 0 0 0 0 0 0 0 0 0
chcon/898 1 0 1 0 0 0 0 0 0 0 0 0 0 0 0 0 0 0 0 0 0
chcon/899 1 0 1 0 0 0 0 0 0 0 0 0 0 0 0 0 0 0 0 0 0
chcon/894 1 0 1 0 0 0 0 0 0 0 0 0 0 0 0 0 0 0 0 0 0
chcon/895 1 0 1 0 0 0 0 0 0 0 0 0 0 0 0 0 0 0 0 0 0
chcon/896 1 0 1 0 0 0 0 0 0 0 0 0 0 0 0 0 0 0 0 0 0
chcon/897 1 0 1 0 0 0 0 0 0 0 0 0 0 0 0 0 0 0 0 0 0
chcon/892 1 0 1 0 0 0 0 0 0 0 0 0 0 0 0 0 0 0 0 0 0
chcon/893 1 0 1 0 0 0 0 0 0 0 0 0 0 0 0 0 0 0 0 0 0
chcon/1757 1 0 1 0 0 0 0 0 0 0 0 0 0 0 0 0 0 0 0 0 0
chcon/421 1 0 1 1 0 0 1 1 1 1 1 1 1 1 1 1 1 1 1 1 1
chcon/1755 1 0 1 0 0 0 0 0 0 0 0 0 0 0 0 0 0 0 0 0 0
chcon/1754 1 0 1 0 0 0 0 0 0 0 0 0 0 0 0 0 0 0 0 0 0
chcon/1320 0 0 0 0 0 1 0 0 0 0 0 0 0 0 0 0 0 0 0 0 0
chcon/1618 1 0 1 0 0 0 0 0 0 0 0 0 0 0 0 0 0 0 0 0 0
chcon/420 1 0 1 1 0 0 1 1 1 1 1 1 1 1 1 1 1 1 1 1 1
chcon/1616 1 0 1 0 0 0 0 0 0 0 0 0 0 0 0 0 0 0 0 0 0
chcon/1617 1 0 1 0 0 0 0 0 0 0 0 0 0 0 0 0 0 0 0 0 0
chcon/1614 1 0 1 0 0 0 0 0 0 0 0 0 0 0 0 0 0 0 0 0 0
chcon/1321 0 0 0 0 0 1 0 0 0 0 0 0 0 0 0 0 0 0 0 0 0
chcon/1612 1 0 1 0 0 0 0 0 0 0 0 0 0 0 0 0 0 0 0 0 0
chcon/351 1 0 1 1 0 0 1 1 1 1 1 1 1 1 1 1 1 1 1 1 1
chcon/1610 1 0 1 0 0 0 0 0 0 0 0 0 0 0 0 0 0 0 0 0 0
chcon/1611 1 0 1 0 0 0 0 0 0 0 0 0 0 0 0 0 0 0 0 0 0
chcon/86 0 0 0 0 0 0 0 0 1 1 0 0 1 0 1 1 0 0 0 1 0
chcon/85 0 0 0 0 0 0 0 0 1 1 0 0 1 0 1 1 0 0 0 1 0
chcon/82 0 0 0 0 0 0 0 0 1 1 0 0 1 0 1 1 0 0 0 1 0
chcon/83 0 0 0 0 0 0 0 0 1 1 0 0 1 0 1 1 0 0 0 1 0
chcon/80 0 0 0 0 0 0 0 0 1 1 0 0 1 0 1 1 0 0 0 1 0
chcon/425 1 0 1 1 0 0 1 1 1 1 1 1 1 1 1 1 1 1 1 1 1
chcon/88 0 0 0 0 0 0 0 0 1 1 0 0 1 0 1 1 0 0 0 1 0
chcon/89 0 0 0 0 0 0 0 0 1 1 0 0 1 0 1 1 0 0 0 1 0
chcon/427 1 0 1 1 0 0 1 1 1 1 1 1 1 1 1 1 1 1 1 1 1
chcon/354 1 0 1 1 0 0 1 1 1 1 1 1 1 1 1 1 1 1 1 1 1
chcon/1641 1 0 1 0 0 0 0 0 0 0 0 0 0 0 0 0 0 0 0 0 0
chcon/1640 1 0 1 0 0 0 0 0 0 0 0 0 0 0 0 0 0 0 0 0 0
chcon/1642 1 0 1 0 0 0 0 0 0 0 0 0 0 0 0 0 0 0 0 0 0
chcon/1313 0 0 0 0 0 1 0 0 0 0 0 0 0 0 0 0 0 0 0 0 0
chcon/1312 0 0 0 0 1 0 1 1 0 0 0 0 0 0 0 0 0 0 0 0 0
chcon/1050 1 0 1 0 0 0 0 0 0 0 0 0 0 0 0 0 0 0 0 0 0
chcon/1051 0 1 0 0 1 1 1 1 0 0 0 0 0 0 0 0 0 0 0 0 0
chcon/1052 0 1 0 0 1 1 1 1 0 0 0 0 0 0 0 0 0 0 0 0 0
chcon/1358 0 0 0 0 0 1 0 0 0 0 0 0 0 0 0 0 0 0 0 0 0
chcon/1647 1 0 1 0 0 0 0 0 0 0 0 0 0 0 0 0 0 0 0 0 0
chcon/1756 1 0 1 0 0 0 0 0 0 0 0 0 0 0 0 0 0 0 0 0 0
chcon/1059 0 1 0 0 1 1 1 1 0 0 0 0 0 0 0 0 0 0 0 0 0
chcon/1351 0 0 0 0 0 1 0 0 0 0 0 0 0 0 0 0 0 0 0 0 0
chcon/1646 1 0 1 0 0 0 0 0 0 0 0 0 0 0 0 0 0 0 0 0 0
chcon/1357 0 0 0 0 0 1 0 0 0 0 0 0 0 0 0 0 0 0 0 0 0
chcon/1356 0 0 0 0 0 1 0 0 0 0 0 0 0 0 0 0 0 0 0 0 0
chcon/1355 0 0 0 0 0 1 0 0 0 0 0 0 0 0 0 0 0 0 0 0 0
chcon/1354 0 0 0 0 0 1 0 0 0 0 0 0 0 0 0 0 0 0 0 0 0
chcon/11 0 0 0 1 1 1 1 1 1 1 0 0 1 0 1 1 0 0 0 1 1
chcon/1684 1 0 1 0 0 0 0 0 0 0 0 0 0 0 0 0 0 0 0 0 0
chcon/1687 1 0 1 0 0 0 0 0 0 0 0 0 0 0 0 0 0 0 0 0 0
chcon/1686 1 0 1 0 0 0 0 0 0 0 0 0 0 0 0 0 0 0 0 0 0
chcon/1681 1 0 1 0 0 0 0 0 0 0 0 0 0 0 0 0 0 0 0 0 0
chcon/1680 1 0 1 0 0 0 0 0 0 0 0 0 0 0 0 0 0 0 0 0 0
chcon/1683 1 0 1 0 0 0 0 0 0 0 0 0 0 0 0 0 0 0 0 0 0
chcon/1648 1 0 1 0 0 0 0 0 0 0 0 0 0 0 0 0 0 0 0 0 0
chcon/1689 1 0 1 0 0 0 0 0 0 0 0 0 0 0 0 0 0 0 0 0 0
chcon/1688 1 0 1 0 0 0 0 0 0 0 0 0 0 0 0 0 0 0 0 0 0
chcon/1752 1 0 1 0 0 0 0 0 0 0 0 0 0 0 0 0 0 0 0 0 0
chcon/388 1 0 1 1 0 0 1 1 1 1 1 1 1 1 1 1 1 1 1 1 1
chcon/389 1 0 1 1 0 0 1 1 1 1 1 1 1 1 1 1 1 1 1 1 1
chcon/1 0 0 0 1 1 1 1 1 1 1 0 0 1 0 1 1 0 0 0 1 1
chcon/1751 1 0 1 0 0 0 0 0 0 0 0 0 0 0 0 0 0 0 0 0 0
chcon/2 0 0 0 1 1 1 1 1 1 1 0 0 1 0 1 1 0 0 0 1 1
chcon/380 1 0 1 1 0 0 1 1 1 1 1 1 1 1 1 1 1 1 1 1 1
chcon/381 1 0 1 1 0 0 1 1 1 1 1 1 1 1 1 1 1 1 1 1 1
chcon/382 1 0 1 1 0 0 1 1 1 1 1 1 1 1 1 1 1 1 1 1 1
chcon/383 1 0 1 1 0 0 1 1 1 1 1 1 1 1 1 1 1 1 1 1 1
chcon/384 1 0 1 1 0 0 1 1 1 1 1 1 1 1 1 1 1 1 1 1 1
chcon/385 1 0 1 1 0 0 1 1 1 1 1 1 1 1 1 1 1 1 1 1 1
chcon/386 1 0 1 1 0 0 1 1 1 1 1 1 1 1 1 1 1 1 1 1 1
chcon/387 1 0 1 1 0 0 1 1 1 1 1 1 1 1 1 1 1 1 1 1 1
chcon/476 1 0 1 1 0 0 1 1 1 1 1 1 1 1 1 1 1 1 1 1 1
chcon/477 1 0 1 1 0 0 1 1 1 1 1 1 1 1 1 1 1 1 1 1 1
chcon/474 1 0 1 1 0 0 1 1 1 1 1 1 1 1 1 1 1 1 1 1 1
chcon/475 1 0 1 1 0 0 1 1 1 1 1 1 1 1 1 1 1 1 1 1 1
chcon/472 1 0 1 1 0 0 1 1 1 1 1 1 1 1 1 1 1 1 1 1 1
chcon/473 1 0 1 1 0 0 1 1 1 1 1 1 1 1 1 1 1 1 1 1 1
chcon/470 1 0 1 1 0 0 1 1 1 1 1 1 1 1 1 1 1 1 1 1 1
chcon/471 1 0 1 1 0 0 1 1 1 1 1 1 1 1 1 1 1 1 1 1 1
chcon/478 1 0 1 1 0 0 1 1 1 1 1 1 1 1 1 1 1 1 1 1 1
chcon/479 1 0 1 1 0 0 1 1 1 1 1 1 1 1 1 1 1 1 1 1 1
chcon/1615 1 0 1 0 0 0 0 0 0 0 0 0 0 0 0 0 0 0 0 0 0
chcon/1539 0 1 0 0 0 0 0 0 0 0 0 0 0 0 0 0 0 0 0 0 0
chcon/1535 0 1 0 0 0 0 0 0 0 0 0 0 0 0 0 0 0 0 0 0 0
chcon/1533 0 1 0 0 0 0 0 0 0 0 0 0 0 0 0 0 0 0 0 0 0
chcon/1532 0 1 0 0 0 0 0 0 0 0 0 0 0 0 0 0 0 0 0 0 0
chcon/1530 0 1 0 0 0 0 0 0 0 0 0 0 0 0 0 0 0 0 0 0 0
chcon/1434 0 1 0 0 0 0 0 0 0 0 0 0 0 0 0 0 0 0 0 0 0
chcon/1127 0 1 0 0 1 1 1 1 0 0 0 0 0 0 0 0 0 0 0 0 0
chcon/1759 1 0 1 0 0 0 0 0 0 0 0 0 0 0 0 0 0 0 0 0 0
chcon/1430 0 1 0 0 0 0 0 0 0 0 0 0 0 0 0 0 0 0 0 0 0
chcon/910 1 0 1 0 0 0 0 0 0 0 0 0 0 0 0 0 0 0 0 0 0
chcon/1241 0 0 0 0 1 1 1 1 0 0 0 0 0 0 0 0 0 0 0 0 0
chcon/1758 1 0 1 0 0 0 0 0 0 0 0 0 0 0 0 0 0 0 0 0 0
chcon/913 1 0 1 0 0 0 0 0 0 0 0 0 0 0 0 0 0 0 0 0 0
chcon/1750 1 0 1 0 0 0 0 0 0 0 0 0 0 0 0 0 0 0 0 0 0
chcon/915 1 0 1 0 0 0 0 0 0 0 0 0 0 0 0 0 0 0 0 0 0
chcon/914 1 0 1 0 0 0 0 0 0 0 0 0 0 0 0 0 0 0 0 0 0
chcon/278 1 1 1 1 1 1 1 1 1 1 1 1 1 1 1 1 1 1 1 1 1
chcon/274 1 1 1 1 1 1 1 1 1 1 1 1 1 1 1 1 1 1 1 1 1
chcon/275 1 1 1 1 1 1 1 1 1 1 1 1 1 1 1 1 1 1 1 1 1
chcon/276 1 1 1 1 1 1 1 1 1 1 1 1 1 1 1 1 1 1 1 1 1
chcon/277 1 1 1 1 1 1 1 1 1 1 1 1 1 1 1 1 1 1 1 1 1
chcon/270 1 0 1 1 0 0 1 1 0 0 0 0 0 0 0 0 0 0 0 0 1
chcon/271 1 1 1 1 1 1 1 1 0 0 0 0 0 0 0 0 0 0 0 0 1
chcon/272 1 1 1 0 1 1 1 1 0 0 0 0 0 0 0 0 0 0 0 0 0
chcon/273 1 1 1 1 1 1 1 1 0 0 0 0 0 0 0 0 0 0 0 0 1
chcon/375 1 0 1 1 0 0 1 1 1 1 1 1 1 1 1 1 1 1 1 1 1
chcon/374 1 0 1 1 0 0 1 1 1 1 1 1 1 1 1 1 1 1 1 1 1
chcon/377 1 0 1 1 0 0 1 1 1 1 1 1 1 1 1 1 1 1 1 1 1
chcon/376 1 0 1 1 0 0 1 1 1 1 1 1 1 1 1 1 1 1 1 1 1
chcon/371 1 0 1 1 0 0 1 1 1 1 1 1 1 1 1 1 1 1 1 1 1
chcon/370 1 0 1 1 0 0 1 1 1 1 1 1 1 1 1 1 1 1 1 1 1
chcon/373 1 0 1 1 0 0 1 1 1 1 1 1 1 1 1 1 1 1 1 1 1
chcon/372 1 0 1 1 0 0 1 1 1 1 1 1 1 1 1 1 1 1 1 1 1
chcon/379 1 0 1 1 0 0 1 1 1 1 1 1 1 1 1 1 1 1 1 1 1
chcon/378 1 0 1 1 0 0 1 1 1 1 1 1 1 1 1 1 1 1 1 1 1
chcon/1561 1 0 1 0 0 0 0 0 0 0 0 0 0 0 0 0 0 0 0 0 0
chcon/1548 0 1 0 0 0 0 0 0 0 0 0 0 0 0 0 0 0 0 0 0 0
chcon/1549 0 1 0 0 0 0 0 0 0 0 0 0 0 0 0 0 0 0 0 0 0
chcon/1226 1 1 1 0 1 1 1 1 0 0 0 0 0 0 0 0 0 0 0 0 0
chcon/1225 1 1 1 0 1 1 1 0 0 0 0 0 0 0 0 0 0 0 0 0 0
chcon/1540 0 1 0 0 0 0 0 0 0 0 0 0 0 0 0 0 0 0 0 0 0
chcon/1541 0 1 0 0 0 0 0 0 0 0 0 0 0 0 0 0 0 0 0 0 0
chcon/1547 0 1 0 0 0 0 0 0 0 0 0 0 0 0 0 0 0 0 0 0 0
chcon/1544 0 1 0 0 0 0 0 0 0 0 0 0 0 0 0 0 0 0 0 0 0
chcon/1545 0 1 0 0 0 0 0 0 0 0 0 0 0 0 0 0 0 0 0 0 0
chcon/1935 1 0 1 0 0 0 0 0 0 0 0 0 0 0 0 0 0 0 0 0 0
chcon/1736 1 0 1 0 0 0 0 0 0 0 0 0 0 0 0 0 0 0 0 0 0
chcon/1934 1 0 1 0 0 0 0 0 0 0 0 0 0 0 0 0 0 0 0 0 0
chcon/1942 1 0 1 0 0 0 0 0 0 0 0 0 0 0 0 0 0 0 0 0 0
chcon/1941 1 0 1 0 0 0 0 0 0 0 0 0 0 0 0 0 0 0 0 0 0
chcon/1821 1 0 1 0 0 0 0 0 0 0 0 0 0 0 0 0 0 0 0 0 0
chcon/1822 1 0 1 0 0 0 0 0 0 0 0 0 0 0 0 0 0 0 0 0 0
chcon/1825 1 0 1 0 0 0 0 0 0 0 0 0 0 0 0 0 0 0 0 0 0
chcon/1939 1 0 1 0 0 0 0 0 0 0 0 0 0 0 0 0 0 0 0 0 0
chcon/1827 1 0 1 0 0 0 0 0 0 0 0 0 0 0 0 0 0 0 0 0 0
chcon/209 1 1 1 1 1 1 1 1 1 1 1 1 1 1 1 1 1 1 1 1 1
chcon/1938 1 0 1 0 0 0 0 0 0 0 0 0 0 0 0 0 0 0 0 0 0
chcon/205 1 1 1 1 1 1 1 1 1 1 1 1 1 1 1 1 1 1 1 1 1
chcon/1682 1 0 1 0 0 0 0 0 0 0 0 0 0 0 0 0 0 0 0 0 0
chcon/1164 0 1 0 0 0 0 0 0 0 0 0 0 0 0 0 0 0 0 0 0 0
chcon/757 1 0 1 0 0 0 1 0 0 0 0 0 0 0 0 0 0 0 0 0 0
chcon/756 1 0 1 0 0 0 1 0 0 0 0 0 0 0 0 0 0 0 0 0 0
chcon/755 1 0 1 0 0 0 1 0 0 0 0 0 0 0 0 0 0 0 0 0 0
chcon/754 1 0 1 0 0 0 1 0 0 0 0 0 0 0 0 0 0 0 0 0 0
chcon/1483 0 1 0 0 0 0 0 0 0 0 0 0 0 0 0 0 0 0 0 0 0
chcon/1481 0 1 0 0 0 0 0 0 0 0 0 0 0 0 0 0 0 0 0 0 0
chcon/1480 0 1 0 0 0 0 0 0 0 0 0 0 0 0 0 0 0 0 0 0 0
chcon/1766 1 0 1 0 0 0 0 0 0 0 0 0 0 0 0 0 0 0 0 0 0
chcon/1767 1 0 1 0 0 0 0 0 0 0 0 0 0 0 0 0 0 0 0 0 0
chcon/1765 1 0 1 0 0 0 0 0 0 0 0 0 0 0 0 0 0 0 0 0 0
chcon/1762 1 0 1 0 0 0 0 0 0 0 0 0 0 0 0 0 0 0 0 0 0
chcon/1763 1 0 1 0 0 0 0 0 0 0 0 0 0 0 0 0 0 0 0 0 0
chcon/1489 0 1 0 0 0 0 0 0 0 0 0 0 0 0 0 0 0 0 0 0 0
chcon/1488 0 1 0 0 0 0 0 0 0 0 0 0 0 0 0 0 0 0 0 0 0
chcon/1317 0 0 0 0 0 1 0 0 0 0 0 0 0 0 0 0 0 0 0 0 0
chcon/1316 0 0 0 0 0 1 0 0 0 0 0 0 0 0 0 0 0 0 0 0 0
chcon/1643 1 0 1 0 0 0 0 0 0 0 0 0 0 0 0 0 0 0 0 0 0
chcon/1314 0 0 0 0 0 1 0 0 0 0 0 0 0 0 0 0 0 0 0 0 0
chcon/59 0 0 0 0 0 0 0 0 1 1 0 0 1 0 1 1 0 0 0 1 0
chcon/58 0 0 0 0 0 0 0 0 1 1 0 0 1 0 1 1 0 0 0 1 0
chcon/1311 0 0 0 0 1 0 1 1 0 0 0 0 0 0 0 0 0 0 0 0 0
chcon/1310 0 0 0 0 1 0 1 1 0 0 0 0 0 0 0 0 0 0 0 0 0
chcon/54 0 0 0 0 0 0 0 0 1 1 0 0 1 0 1 1 0 0 0 1 0
chcon/57 0 0 0 0 0 0 0 0 1 1 0 0 1 0 1 1 0 0 0 1 0
chcon/56 0 0 0 0 0 0 0 0 1 1 0 0 1 0 1 1 0 0 0 1 0
chcon/51 0 0 0 1 1 1 1 1 0 0 0 0 0 0 0 0 0 0 0 0 1
chcon/50 0 0 0 1 1 1 1 1 0 0 0 0 0 0 0 0 0 0 0 0 1
chcon/53 0 0 0 0 0 0 0 0 1 1 0 0 1 0 1 1 0 0 0 1 0
chcon/52 0 0 0 1 1 1 1 1 0 0 0 0 0 0 0 0 0 0 0 0 1
chcon/858 0 0 0 0 0 0 0 0 0 0 1 1 0 1 0 0 1 1 1 0 0
chcon/859 0 0 0 0 0 0 0 0 0 0 1 1 0 1 0 0 1 1 1 0 0
chcon/850 0 0 0 0 0 0 0 0 0 0 1 1 0 1 0 0 1 1 1 0 0
chcon/851 0 0 0 0 0 0 0 0 0 0 1 1 0 1 0 0 1 1 1 0 0
chcon/852 0 0 0 0 0 0 0 0 0 0 1 1 0 1 0 0 1 1 1 0 0
chcon/853 0 0 0 0 0 0 0 0 0 0 1 1 0 1 0 0 1 1 1 0 0
chcon/854 0 0 0 0 0 0 0 0 0 0 1 1 0 1 0 0 1 1 1 0 0
chcon/855 0 0 0 0 0 0 0 0 0 0 1 1 0 1 0 0 1 1 1 0 0
chcon/856 0 0 0 0 0 0 0 0 0 0 1 1 0 1 0 0 1 1 1 0 0
chcon/857 0 0 0 0 0 0 0 0 0 0 1 1 0 1 0 0 1 1 1 0 0
chcon/1373 0 0 0 0 0 1 0 0 0 0 0 0 0 0 0 0 0 0 0 0 0
chcon/539 1 0 1 0 0 0 0 0 0 0 0 0 0 0 0 0 0 0 0 0 0
chcon/538 1 0 1 0 0 0 0 0 0 0 0 0 0 0 0 0 0 0 0 0 0
chcon/531 1 0 1 0 0 0 0 0 0 0 0 0 0 0 0 0 0 0 0 0 0
chcon/350 1 0 1 1 0 0 1 1 1 1 1 1 1 1 1 1 1 1 1 1 1
chcon/1160 1 1 1 0 1 1 1 1 0 0 0 0 0 0 0 0 0 0 0 0 0
chcon/1161 1 1 1 0 1 1 1 1 0 0 0 0 0 0 0 0 0 0 0 0 0
chcon/1009 1 0 1 0 0 0 0 0 0 0 0 0 0 0 0 0 0 0 0 0 0
chcon/1008 1 0 1 0 0 0 0 0 0 0 0 0 0 0 0 0 0 0 0 0 0
chcon/883 1 0 1 0 0 0 0 0 0 0 0 0 0 0 0 0 0 0 0 0 0
chcon/1165 1 1 1 0 1 1 1 1 0 0 0 0 0 0 0 0 0 0 0 0 0
chcon/1166 1 1 1 0 1 1 1 1 0 0 0 0 0 0 0 0 0 0 0 0 0
chcon/1167 1 1 1 0 1 1 1 1 0 0 0 0 0 0 0 0 0 0 0 0 0
chcon/1003 1 0 1 0 0 0 0 0 0 0 0 0 0 0 0 0 0 0 0 0 0
chcon/1002 1 0 1 0 0 0 0 0 0 0 0 0 0 0 0 0 0 0 0 0 0
chcon/1001 1 0 1 0 0 0 0 0 0 0 0 0 0 0 0 0 0 0 0 0 0
chcon/1000 1 0 1 0 0 0 0 0 0 0 0 0 0 0 0 0 0 0 0 0 0
chcon/1007 1 0 1 0 0 0 0 0 0 0 0 0 0 0 0 0 0 0 0 0 0
chcon/1006 1 0 1 0 0 0 0 0 0 0 0 0 0 0 0 0 0 0 0 0 0
chcon/28 0 0 0 0 0 0 0 0 1 1 0 0 1 0 1 1 0 0 0 1 0
chcon/29 0 0 0 0 0 0 0 0 1 1 0 0 1 0 1 1 0 0 0 1 0
chcon/1360 0 0 0 0 0 1 0 0 0 0 0 0 0 0 0 0 0 0 0 0 0
chcon/1367 0 0 0 0 0 1 0 0 0 0 0 0 0 0 0 0 0 0 0 0 0
chcon/1788 1 0 1 0 0 0 0 0 0 0 0 0 0 0 0 0 0 0 0 0 0
chcon/1368 0 0 0 0 0 1 0 0 0 0 0 0 0 0 0 0 0 0 0 0 0
chcon/1369 0 0 0 0 0 1 0 0 0 0 0 0 0 0 0 0 0 0 0 0 0
chcon/24 0 0 0 1 1 1 1 1 1 1 0 0 1 0 1 1 0 0 0 1 1
chcon/26 0 0 0 1 1 1 1 1 1 1 0 0 1 0 1 1 0 0 0 1 1
chcon/27 0 0 0 1 1 1 1 1 1 1 0 0 1 0 1 1 0 0 0 1 1
chcon/1182 1 1 1 0 0 1 0 0 0 0 0 0 0 0 0 0 0 0 0 0 0
chcon/1183 0 1 0 0 1 0 1 1 0 0 0 0 0 0 0 0 0 0 0 0 0
chcon/1180 0 1 0 0 0 0 0 0 0 0 0 0 0 0 0 0 0 0 0 0 0
chcon/1181 1 1 1 0 1 1 1 1 0 0 0 0 0 0 0 0 0 0 0 0 0
chcon/1162 1 1 1 0 1 1 1 1 0 0 0 0 0 0 0 0 0 0 0 0 0
chcon/1184 1 1 1 0 0 1 0 0 0 0 0 0 0 0 0 0 0 0 0 0 0
chcon/1185 1 1 1 0 1 1 1 1 0 0 0 0 0 0 0 0 0 0 0 0 0
chcon/1163 0 1 0 0 1 0 1 1 0 0 0 0 0 0 0 0 0 0 0 0 0
chcon/356 1 0 1 1 0 0 1 1 1 1 1 1 1 1 1 1 1 1 1 1 1
chcon/408 1 0 1 1 0 0 1 1 1 1 1 1 1 1 1 1 1 1 1 1 1
chcon/407 1 0 1 1 0 0 1 1 1 1 1 1 1 1 1 1 1 1 1 1 1
chcon/406 1 0 1 1 0 0 1 1 1 1 1 1 1 1 1 1 1 1 1 1 1
chcon/405 1 0 1 1 0 0 1 1 1 1 1 1 1 1 1 1 1 1 1 1 1
chcon/404 1 0 1 1 0 0 1 1 1 1 1 1 1 1 1 1 1 1 1 1 1
chcon/403 1 0 1 1 0 0 1 1 1 1 1 1 1 1 1 1 1 1 1 1 1
chcon/402 1 0 1 1 0 0 1 1 1 1 1 1 1 1 1 1 1 1 1 1 1
chcon/401 1 0 1 1 0 0 1 1 1 1 1 1 1 1 1 1 1 1 1 1 1
chcon/400 1 0 1 1 0 0 1 1 1 1 1 1 1 1 1 1 1 1 1 1 1
chcon/1269 0 0 0 0 1 1 1 1 0 0 0 0 0 0 0 0 0 0 0 0 0
chcon/1268 1 1 1 0 1 1 1 1 0 0 0 0 0 0 0 0 0 0 0 0 0
chcon/1265 1 1 1 0 1 1 1 1 0 0 0 0 0 0 0 0 0 0 0 0 0
chcon/1264 1 1 1 0 1 1 1 1 0 0 0 0 0 0 0 0 0 0 0 0 0
chcon/1263 1 1 1 0 0 0 0 0 0 0 0 0 0 0 0 0 0 0 0 0 0
chcon/1261 1 1 1 0 1 1 1 1 0 0 0 0 0 0 0 0 0 0 0 0 0
chcon/1260 1 1 1 0 0 0 0 0 0 0 0 0 0 0 0 0 0 0 0 0 0
chcon/1469 0 1 0 0 0 0 0 0 0 0 0 0 0 0 0 0 0 0 0 0 0
chcon/1168 1 1 1 0 0 1 0 0 0 0 0 0 0 0 0 0 0 0 0 0 0
chcon/1503 0 1 0 0 0 0 0 0 0 0 0 0 0 0 0 0 0 0 0 0 0
chcon/1500 0 1 0 0 0 0 0 0 0 0 0 0 0 0 0 0 0 0 0 0 0
chcon/1169 0 1 0 0 1 0 1 1 0 0 0 0 0 0 0 0 0 0 0 0 0
chcon/1461 0 1 0 0 0 0 0 0 0 0 0 0 0 0 0 0 0 0 0 0 0
chcon/1460 0 1 0 0 0 0 0 0 0 0 0 0 0 0 0 0 0 0 0 0 0
chcon/1463 0 1 0 0 0 0 0 0 0 0 0 0 0 0 0 0 0 0 0 0 0
chcon/1462 0 1 0 0 0 0 0 0 0 0 0 0 0 0 0 0 0 0 0 0 0
chcon/1465 0 1 0 0 0 0 0 0 0 0 0 0 0 0 0 0 0 0 0 0 0
chcon/1464 0 1 0 0 0 0 0 0 0 0 0 0 0 0 0 0 0 0 0 0 0
chcon/1467 0 1 0 0 0 0 0 0 0 0 0 0 0 0 0 0 0 0 0 0 0
chcon/1466 0 1 0 0 0 0 0 0 0 0 0 0 0 0 0 0 0 0 0 0 0
chcon/1486 0 1 0 0 0 0 0 0 0 0 0 0 0 0 0 0 0 0 0 0 0
chcon/1867 1 0 1 0 0 0 0 0 0 0 0 0 0 0 0 0 0 0 0 0 0
chcon/1866 1 0 1 0 0 0 0 0 0 0 0 0 0 0 0 0 0 0 0 0 0
chcon/1862 1 0 1 0 0 0 0 0 0 0 0 0 0 0 0 0 0 0 0 0 0
chcon/887 1 0 1 0 0 0 0 0 0 0 0 0 0 0 0 0 0 0 0 0 0
chcon/245 1 1 1 1 1 1 1 1 1 1 1 1 1 1 1 1 1 1 1 1 1
chcon/244 1 1 1 1 1 1 1 1 1 1 1 1 1 1 1 1 1 1 1 1 1
chcon/328 1 0 1 1 0 0 1 1 1 1 1 1 1 1 1 1 1 1 1 1 1
chcon/329 1 0 1 1 0 0 1 1 1 1 1 1 1 1 1 1 1 1 1 1 1
chcon/241 1 1 1 1 1 1 1 1 1 1 1 1 1 1 1 1 1 1 1 1 1
chcon/240 1 1 1 1 1 1 1 1 1 1 1 1 1 1 1 1 1 1 1 1 1
chcon/243 1 1 1 1 1 1 1 1 1 1 1 1 1 1 1 1 1 1 1 1 1
chcon/242 1 1 1 1 1 1 1 1 1 1 1 1 1 1 1 1 1 1 1 1 1
chcon/322 1 0 1 1 0 0 1 1 1 1 1 1 1 1 1 1 1 1 1 1 1
chcon/323 1 0 1 1 0 0 1 1 1 1 1 1 1 1 1 1 1 1 1 1 1
chcon/320 1 0 1 1 0 0 1 1 1 1 1 1 1 1 1 1 1 1 1 1 1
chcon/321 1 0 1 1 0 0 1 1 1 1 1 1 1 1 1 1 1 1 1 1 1
chcon/249 1 1 1 0 1 1 1 1 0 0 0 0 0 0 0 0 0 0 0 0 0
chcon/248 1 1 1 1 1 1 1 1 1 1 1 1 1 1 1 1 1 1 1 1 1
chcon/324 1 0 1 1 0 0 1 1 1 1 1 1 1 1 1 1 1 1 1 1 1
chcon/325 1 0 1 1 0 0 1 1 1 1 1 1 1 1 1 1 1 1 1 1 1
chcon/1219 1 1 1 0 1 1 1 0 0 0 0 0 0 0 0 0 0 0 0 0 0
chcon/1213 1 1 1 0 1 1 1 1 0 0 0 0 0 0 0 0 0 0 0 0 0
chcon/886 1 0 1 0 0 0 0 0 0 0 0 0 0 0 0 0 0 0 0 0 0
chcon/1216 1 1 1 0 1 1 1 0 0 0 0 0 0 0 0 0 0 0 0 0 0
chcon/1215 1 1 1 0 1 1 1 0 0 0 0 0 0 0 0 0 0 0 0 0 0
chcon/861 0 0 0 0 0 0 0 0 0 0 1 1 0 1 0 0 1 1 1 0 0
chcon/860 0 0 0 0 0 0 0 0 0 0 1 1 0 1 0 0 1 1 1 0 0
chcon/863 0 0 0 1 0 0 0 0 0 0 0 0 0 0 0 0 0 0 0 0 1
chcon/862 0 0 0 1 0 0 0 0 0 0 0 0 0 0 0 0 0 0 0 0 1
chcon/865 1 0 1 0 0 0 1 1 0 0 0 0 0 0 0 0 0 0 0 0 0
chcon/864 1 0 1 0 0 0 1 1 0 0 0 0 0 0 0 0 0 0 0 0 0
chcon/866 1 1 1 0 1 1 1 1 0 0 0 0 0 0 0 0 0 0 0 0 0
chcon/869 1 0 1 0 0 0 0 0 0 0 0 0 0 0 0 0 0 0 0 0 0
chcon/1359 0 0 0 0 0 1 0 0 0 0 0 0 0 0 0 0 0 0 0 0 0
chcon/99 1 1 1 1 1 1 1 1 1 1 1 1 1 1 1 1 1 1 1 1 1
chcon/98 1 1 1 1 1 1 1 1 1 1 1 1 1 1 1 1 1 1 1 1 1
chcon/1609 1 0 1 0 0 0 0 0 0 0 0 0 0 0 0 0 0 0 0 0 0
chcon/1608 1 0 1 0 0 0 0 0 0 0 0 0 0 0 0 0 0 0 0 0 0
chcon/91 0 0 0 0 0 0 0 0 1 1 0 0 1 0 1 1 0 0 0 1 0
chcon/1604 1 0 1 0 0 0 0 0 0 0 0 0 0 0 0 0 0 0 0 0 0
chcon/93 0 0 0 0 0 0 0 0 1 1 0 0 1 0 1 1 0 0 0 1 0
chcon/92 0 0 0 0 0 0 0 0 1 1 0 0 1 0 1 1 0 0 0 1 0
chcon/95 0 0 0 1 1 1 1 1 1 1 0 0 1 0 1 1 0 0 0 1 1
chcon/94 0 0 0 1 1 1 1 1 1 1 0 0 1 0 1 1 0 0 0 1 1
chcon/97 1 1 1 1 1 1 1 1 1 1 1 1 1 1 1 1 1 1 1 1 1
chcon/1602 1 0 1 0 0 0 0 0 0 0 0 0 0 0 0 0 0 0 0 0 0
chcon/319 1 0 1 1 0 0 1 1 1 1 1 1 1 1 1 1 1 1 1 1 1
chcon/1933 1 0 1 0 0 0 0 0 0 0 0 0 0 0 0 0 0 0 0 0 0
chcon/1319 0 0 0 0 0 1 0 0 0 0 0 0 0 0 0 0 0 0 0 0 0
chcon/1352 0 0 0 0 0 1 0 0 0 0 0 0 0 0 0 0 0 0 0 0 0
chcon/1479 0 1 0 0 0 0 0 0 0 0 0 0 0 0 0 0 0 0 0 0 0
chcon/1606 1 0 1 0 0 0 0 0 0 0 0 0 0 0 0 0 0 0 0 0 0
chcon/1651 1 0 1 0 0 0 0 0 0 0 0 0 0 0 0 0 0 0 0 0 0
chcon/144 1 1 1 1 1 1 1 1 1 1 1 1 1 1 1 1 1 1 1 1 1
chcon/145 1 1 1 1 1 1 1 1 1 1 1 1 1 1 1 1 1 1 1 1 1
chcon/142 1 1 1 1 1 1 1 1 1 1 1 1 1 1 1 1 1 1 1 1 1
chcon/311 1 1 1 1 1 1 1 1 1 1 1 1 1 1 1 1 1 1 1 1 1
chcon/1499 0 1 0 0 0 0 0 0 0 0 0 0 0 0 0 0 0 0 0 0 0
chcon/310 1 1 1 0 1 1 1 1 0 0 0 0 0 0 0 0 0 0 0 0 0
chcon/1047 1 0 1 0 0 0 0 0 0 0 0 0 0 0 0 0 0 0 0 0 0
chcon/1046 1 0 1 0 0 0 0 0 0 0 0 0 0 0 0 0 0 0 0 0 0
chcon/1328 0 0 0 0 0 1 0 0 0 0 0 0 0 0 0 0 0 0 0 0 0
chcon/1329 0 0 0 0 0 1 0 0 0 0 0 0 0 0 0 0 0 0 0 0 0
chcon/1326 0 0 0 0 0 1 0 0 0 0 0 0 0 0 0 0 0 0 0 0 0
chcon/1327 0 0 0 0 0 1 0 0 0 0 0 0 0 0 0 0 0 0 0 0 0
chcon/1324 0 0 0 0 0 1 0 0 0 0 0 0 0 0 0 0 0 0 0 0 0
chcon/1325 0 0 0 0 0 1 0 0 0 0 0 0 0 0 0 0 0 0 0 0 0
chcon/1322 0 0 0 0 0 1 0 0 0 0 0 0 0 0 0 0 0 0 0 0 0
chcon/1049 1 0 1 0 0 0 0 0 0 0 0 0 0 0 0 0 0 0 0 0 0
chcon/1048 1 0 1 0 0 0 0 0 0 0 0 0 0 0 0 0 0 0 0 0 0
chcon/64 0 0 0 0 0 0 0 0 1 1 0 0 1 0 1 1 0 0 0 1 0
chcon/65 0 0 0 0 0 0 0 0 1 1 0 0 1 0 1 1 0 0 0 1 0
chcon/67 0 0 0 0 0 0 0 0 1 1 0 0 1 0 1 1 0 0 0 1 0
chcon/60 0 0 0 0 0 0 0 0 1 1 0 0 1 0 1 1 0 0 0 1 0
chcon/62 0 0 0 0 0 0 0 0 1 1 0 0 1 0 1 1 0 0 0 1 0
chcon/63 0 0 0 0 0 0 0 0 1 1 0 0 1 0 1 1 0 0 0 1 0
chcon/68 0 0 0 0 0 0 0 0 1 1 0 0 1 0 1 1 0 0 0 1 0
chcon/919 1 0 1 0 0 0 0 0 0 0 0 0 0 0 0 0 0 0 0 0 0
chcon/449 1 0 1 1 0 0 1 1 1 1 1 1 1 1 1 1 1 1 1 1 1
chcon/448 1 0 1 1 0 0 1 1 1 1 1 1 1 1 1 1 1 1 1 1 1
chcon/443 1 0 1 1 0 0 1 1 1 1 1 1 1 1 1 1 1 1 1 1 1
chcon/442 1 0 1 1 0 0 1 1 1 1 1 1 1 1 1 1 1 1 1 1 1
chcon/441 1 0 1 1 0 0 1 1 1 1 1 1 1 1 1 1 1 1 1 1 1
chcon/440 1 0 1 1 0 0 1 1 1 1 1 1 1 1 1 1 1 1 1 1 1
chcon/447 1 0 1 1 0 0 1 1 1 1 1 1 1 1 1 1 1 1 1 1 1
chcon/446 1 0 1 1 0 0 1 1 1 1 1 1 1 1 1 1 1 1 1 1 1
chcon/445 1 0 1 1 0 0 1 1 1 1 1 1 1 1 1 1 1 1 1 1 1
chcon/444 1 0 1 1 0 0 1 1 1 1 1 1 1 1 1 1 1 1 1 1 1
chcon/1303 0 0 0 0 1 1 1 1 0 0 0 0 0 0 0 0 0 0 0 0 0
chcon/884 1 0 1 0 0 0 0 0 0 0 0 0 0 0 0 0 0 0 0 0 0
chcon/1139 0 1 0 0 0 0 0 0 0 0 0 0 0 0 0 0 0 0 0 0 0
chcon/1138 1 1 1 0 1 1 1 1 0 0 0 0 0 0 0 0 0 0 0 0 0
chcon/1132 1 1 1 0 1 1 1 1 0 0 0 0 0 0 0 0 0 0 0 0 0
chcon/1130 1 1 1 0 1 1 1 1 0 0 0 0 0 0 0 0 0 0 0 0 0
chcon/1137 1 1 1 0 1 1 1 1 0 0 0 0 0 0 0 0 0 0 0 0 0
chcon/1136 1 1 1 0 1 1 1 1 0 0 0 0 0 0 0 0 0 0 0 0 0
chcon/1135 1 1 1 0 1 1 1 1 0 0 0 0 0 0 0 0 0 0 0 0 0
chcon/1134 1 1 1 0 1 1 1 1 0 0 0 0 0 0 0 0 0 0 0 0 0
chcon/1425 0 1 0 0 0 0 0 0 0 0 0 0 0 0 0 0 0 0 0 0 0
chcon/1424 0 1 0 0 0 0 0 0 0 0 0 0 0 0 0 0 0 0 0 0 0
chcon/1427 0 1 0 0 0 0 0 0 0 0 0 0 0 0 0 0 0 0 0 0 0
chcon/1426 0 1 0 0 0 0 0 0 0 0 0 0 0 0 0 0 0 0 0 0 0
chcon/1421 0 1 0 0 0 0 0 0 0 0 0 0 0 0 0 0 0 0 0 0 0
chcon/1420 1 0 1 0 0 0 0 0 0 0 0 0 0 0 0 0 0 0 0 0 0
chcon/1423 0 1 0 0 0 0 0 0 0 0 0 0 0 0 0 0 0 0 0 0 0
chcon/1422 0 1 0 0 0 0 0 0 0 0 0 0 0 0 0 0 0 0 0 0 0
chcon/1785 1 0 1 0 0 0 0 0 0 0 0 0 0 0 0 0 0 0 0 0 0
chcon/1786 1 0 1 0 0 0 0 0 0 0 0 0 0 0 0 0 0 0 0 0 0
chcon/1780 1 0 1 0 0 0 0 0 0 0 0 0 0 0 0 0 0 0 0 0 0
chcon/1428 0 1 0 0 0 0 0 0 0 0 0 0 0 0 0 0 0 0 0 0 0
chcon/1782 1 0 1 0 0 0 0 0 0 0 0 0 0 0 0 0 0 0 0 0 0
chcon/409 1 0 1 1 0 0 1 1 1 1 1 1 1 1 1 1 1 1 1 1 1
chcon/1579 1 0 1 0 0 0 0 0 0 0 0 0 0 0 0 0 0 0 0 0 0
chcon/280 1 1 1 1 1 1 1 1 1 1 1 1 1 1 1 1 1 1 1 1 1
chcon/876 1 0 1 0 0 0 0 0 0 0 0 0 0 0 0 0 0 0 0 0 0
chcon/366 1 0 1 1 0 0 1 1 1 1 1 1 1 1 1 1 1 1 1 1 1
chcon/367 1 0 1 1 0 0 1 1 1 1 1 1 1 1 1 1 1 1 1 1 1
chcon/364 1 0 1 1 0 0 1 1 1 1 1 1 1 1 1 1 1 1 1 1 1
chcon/365 1 0 1 1 0 0 1 1 1 1 1 1 1 1 1 1 1 1 1 1 1
chcon/362 1 0 1 1 0 0 1 1 1 1 1 1 1 1 1 1 1 1 1 1 1
chcon/363 1 0 1 1 0 0 1 1 1 1 1 1 1 1 1 1 1 1 1 1 1
chcon/360 1 0 1 1 0 0 1 1 1 1 1 1 1 1 1 1 1 1 1 1 1
chcon/361 1 0 1 1 0 0 1 1 1 1 1 1 1 1 1 1 1 1 1 1 1
chcon/1685 1 0 1 0 0 0 0 0 0 0 0 0 0 0 0 0 0 0 0 0 0
chcon/368 1 0 1 1 0 0 1 1 1 1 1 1 1 1 1 1 1 1 1 1 1
chcon/369 1 0 1 1 0 0 1 1 1 1 1 1 1 1 1 1 1 1 1 1 1
chcon/1559 1 0 1 0 0 0 0 0 0 0 0 0 0 0 0 0 0 0 0 0 0
chcon/1558 1 0 1 0 0 0 0 0 0 0 0 0 0 0 0 0 0 0 0 0 0
chcon/1254 1 1 1 0 1 1 1 1 0 0 0 0 0 0 0 0 0 0 0 0 0
chcon/1255 1 1 1 0 1 1 1 1 0 0 0 0 0 0 0 0 0 0 0 0 0
chcon/1252 1 1 1 0 1 1 1 1 0 0 0 0 0 0 0 0 0 0 0 0 0
chcon/1253 1 1 1 0 1 0 1 1 0 0 0 0 0 0 0 0 0 0 0 0 0
chcon/1250 1 1 1 0 1 1 1 1 0 0 0 0 0 0 0 0 0 0 0 0 0
chcon/1251 1 1 1 0 0 0 0 0 0 0 0 0 0 0 0 0 0 0 0 0 0
chcon/1551 0 1 0 0 0 0 0 0 0 0 0 0 0 0 0 0 0 0 0 0 0
chcon/1550 0 1 0 0 0 0 0 0 0 0 0 0 0 0 0 0 0 0 0 0 0
chcon/1552 0 1 0 0 0 0 0 0 0 0 0 0 0 0 0 0 0 0 0 0 0
chcon/1258 1 1 1 0 1 1 1 1 0 0 0 0 0 0 0 0 0 0 0 0 0
chcon/1259 1 1 1 0 1 1 1 1 0 0 0 0 0 0 0 0 0 0 0 0 0
chcon/1769 1 0 1 0 0 0 0 0 0 0 0 0 0 0 0 0 0 0 0 0 0
chcon/1692 1 0 1 0 0 0 0 0 0 0 0 0 0 0 0 0 0 0 0 0 0
chcon/1917 1 0 1 0 0 0 0 0 0 0 0 0 0 0 0 0 0 0 0 0 0
chcon/1818 1 0 1 0 0 0 0 0 0 0 0 0 0 0 0 0 0 0 0 0 0
chcon/1815 1 0 1 0 0 0 0 0 0 0 0 0 0 0 0 0 0 0 0 0 0
chcon/1816 1 0 1 0 0 0 0 0 0 0 0 0 0 0 0 0 0 0 0 0 0
chcon/1817 1 0 1 0 0 0 0 0 0 0 0 0 0 0 0 0 0 0 0 0 0
chcon/1835 1 0 1 0 0 0 0 0 0 0 0 0 0 0 0 0 0 0 0 0 0
chcon/210 1 1 1 1 1 1 1 1 1 1 1 1 1 1 1 1 1 1 1 1 1
chcon/211 1 1 1 1 1 1 1 1 1 1 1 1 1 1 1 1 1 1 1 1 1
chcon/1760 1 0 1 0 0 0 0 0 0 0 0 0 0 0 0 0 0 0 0 0 0
chcon/1635 1 0 1 0 0 0 0 0 0 0 0 0 0 0 0 0 0 0 0 0 0
chcon/1082 0 1 0 0 1 1 1 1 0 0 0 0 0 0 0 0 0 0 0 0 0
chcon/1638 1 0 1 0 0 0 0 0 0 0 0 0 0 0 0 0 0 0 0 0 0
chcon/1779 1 0 1 0 0 0 0 0 0 0 0 0 0 0 0 0 0 0 0 0 0
chcon/1775 1 0 1 0 0 0 0 0 0 0 0 0 0 0 0 0 0 0 0 0 0
chcon/1770 1 0 1 0 0 0 0 0 0 0 0 0 0 0 0 0 0 0 0 0 0
chcon/1773 1 0 1 0 0 0 0 0 0 0 0 0 0 0 0 0 0 0 0 0 0
chcon/1772 1 0 1 0 0 0 0 0 0 0 0 0 0 0 0 0 0 0 0 0 0
chcon/1671 1 0 1 0 0 0 0 0 0 0 0 0 0 0 0 0 0 0 0 0 0
chcon/1672 1 0 1 0 0 0 0 0 0 0 0 0 0 0 0 0 0 0 0 0 0
chcon/1468 0 1 0 0 0 0 0 0 0 0 0 0 0 0 0 0 0 0 0 0 0
chcon/1084 0 1 0 0 1 1 1 1 0 0 0 0 0 0 0 0 0 0 0 0 0
chcon/1679 1 0 1 0 0 0 0 0 0 0 0 0 0 0 0 0 0 0 0 0 0
chcon/1362 0 0 0 0 0 1 0 0 0 0 0 0 0 0 0 0 0 0 0 0 0
chcon/486 0 0 0 0 0 0 0 0 1 1 1 1 1 1 1 1 1 1 1 1 0
chcon/485 1 0 1 1 0 0 1 1 1 1 1 1 1 1 1 1 1 1 1 1 1
chcon/484 1 0 1 1 0 0 1 1 1 1 1 1 1 1 1 1 1 1 1 1 1
chcon/483 1 0 1 1 0 0 1 1 1 1 1 1 1 1 1 1 1 1 1 1 1
chcon/482 1 0 1 1 0 0 1 1 1 1 1 1 1 1 1 1 1 1 1 1 1
chcon/481 1 0 1 1 0 0 1 1 1 1 1 1 1 1 1 1 1 1 1 1 1
chcon/480 1 0 1 1 0 0 1 1 1 1 1 1 1 1 1 1 1 1 1 1 1
chcon/1501 0 1 0 0 0 0 0 0 0 0 0 0 0 0 0 0 0 0 0 0 0
chcon/1363 0 0 0 0 0 1 0 0 0 0 0 0 0 0 0 0 0 0 0 0 0
chcon/1580 1 0 1 0 0 0 0 0 0 0 0 0 0 0 0 0 0 0 0 0 0
chcon/1581 1 0 1 0 0 0 0 0 0 0 0 0 0 0 0 0 0 0 0 0 0
chcon/1177 1 1 1 0 1 1 1 1 0 0 0 0 0 0 0 0 0 0 0 0 0
chcon/1176 1 1 1 0 0 1 0 0 0 0 0 0 0 0 0 0 0 0 0 0 0
chcon/1175 1 1 1 0 1 1 1 1 0 0 0 0 0 0 0 0 0 0 0 0 0
chcon/1174 0 1 0 0 0 0 0 0 0 0 0 0 0 0 0 0 0 0 0 0 0
chcon/1173 1 1 1 0 0 0 0 0 0 0 0 0 0 0 0 0 0 0 0 0 0
chcon/1172 1 1 1 0 1 1 1 1 0 0 0 0 0 0 0 0 0 0 0 0 0
chcon/1078 0 1 0 0 1 1 1 1 0 0 0 0 0 0 0 0 0 0 0 0 0
chcon/1170 1 1 1 0 0 1 0 0 0 0 0 0 0 0 0 0 0 0 0 0 0
chcon/1076 0 1 0 0 1 1 1 1 0 0 0 0 0 0 0 0 0 0 0 0 0
chcon/1077 0 1 0 0 1 1 1 1 0 0 0 0 0 0 0 0 0 0 0 0 0
chcon/1074 0 1 0 0 1 1 1 1 0 0 0 0 0 0 0 0 0 0 0 0 0
chcon/1075 0 1 0 0 1 1 1 1 0 0 0 0 0 0 0 0 0 0 0 0 0
chcon/1073 0 1 0 0 1 1 1 1 0 0 0 0 0 0 0 0 0 0 0 0 0
chcon/1179 0 1 0 0 1 0 1 1 0 0 0 0 0 0 0 0 0 0 0 0 0
chcon/1178 1 1 1 0 1 1 1 1 0 0 0 0 0 0 0 0 0 0 0 0 0
chcon/1371 0 0 0 0 0 1 0 0 0 0 0 0 0 0 0 0 0 0 0 0 0
chcon/1370 0 0 0 0 0 1 0 0 0 0 0 0 0 0 0 0 0 0 0 0 0
chcon/39 0 0 0 1 1 1 1 1 1 1 0 0 1 0 1 1 0 0 0 1 1
chcon/38 0 0 0 1 1 1 1 1 0 0 0 0 0 0 0 0 0 0 0 0 1
chcon/1375 0 0 0 0 0 1 0 0 0 0 0 0 0 0 0 0 0 0 0 0 0
chcon/1374 0 0 0 0 0 1 0 0 0 0 0 0 0 0 0 0 0 0 0 0 0
chcon/1377 0 0 0 0 0 1 0 0 0 0 0 0 0 0 0 0 0 0 0 0 0
chcon/1376 0 0 0 0 0 1 0 0 0 0 0 0 0 0 0 0 0 0 0 0 0
chcon/33 0 0 0 1 1 1 1 1 1 1 0 0 1 0 1 1 0 0 0 1 1
chcon/32 0 0 0 1 1 1 1 1 1 1 0 0 1 0 1 1 0 0 0 1 1
chcon/30 0 0 0 1 1 1 1 1 1 1 0 0 1 0 1 1 0 0 0 1 1
chcon/35 0 0 0 0 0 0 0 0 1 1 0 0 1 0 1 1 0 0 0 1 0
chcon/34 0 0 0 1 1 1 1 1 0 0 0 0 0 0 0 0 0 0 0 0 1
chcon/410 1 0 1 1 0 0 1 1 1 1 1 1 1 1 1 1 1 1 1 1 1
chcon/411 1 0 1 1 0 0 1 1 1 1 1 1 1 1 1 1 1 1 1 1 1
chcon/412 1 0 1 1 0 0 1 1 1 1 1 1 1 1 1 1 1 1 1 1 1
chcon/413 1 0 1 1 0 0 1 1 1 1 1 1 1 1 1 1 1 1 1 1 1
chcon/414 1 0 1 1 0 0 1 1 1 1 1 1 1 1 1 1 1 1 1 1 1
chcon/415 1 0 1 1 0 0 1 1 1 1 1 1 1 1 1 1 1 1 1 1 1
chcon/416 1 0 1 1 0 0 1 1 1 1 1 1 1 1 1 1 1 1 1 1 1
chcon/417 1 0 1 1 0 0 1 1 1 1 1 1 1 1 1 1 1 1 1 1 1
chcon/418 1 0 1 1 0 0 1 1 1 1 1 1 1 1 1 1 1 1 1 1 1
chcon/419 1 0 1 1 0 0 1 1 1 1 1 1 1 1 1 1 1 1 1 1 1
chcon/1292 0 0 0 0 0 1 0 0 0 0 0 0 0 0 0 0 0 0 0 0 0
chcon/1293 0 0 0 0 1 1 1 1 0 0 0 0 0 0 0 0 0 0 0 0 0
chcon/1290 0 0 0 0 1 1 1 1 0 0 0 0 0 0 0 0 0 0 0 0 0
chcon/1291 0 0 0 0 1 1 1 1 0 0 0 0 0 0 0 0 0 0 0 0 0
chcon/1296 0 0 0 0 1 1 1 1 0 0 0 0 0 0 0 0 0 0 0 0 0
chcon/1297 0 0 0 0 1 0 1 1 0 0 0 0 0 0 0 0 0 0 0 0 0
chcon/1294 0 0 0 0 1 0 1 1 0 0 0 0 0 0 0 0 0 0 0 0 0
chcon/1295 0 0 0 0 0 1 0 0 0 0 0 0 0 0 0 0 0 0 0 0 0
chcon/1298 0 0 0 0 1 1 1 1 0 0 0 0 0 0 0 0 0 0 0 0 0
chcon/1299 0 0 0 0 0 1 0 0 0 0 0 0 0 0 0 0 0 0 0 0 0
chcon/1100 0 1 0 0 1 1 1 1 0 0 0 0 0 0 0 0 0 0 0 0 0
chcon/1458 0 1 0 0 0 0 0 0 0 0 0 0 0 0 0 0 0 0 0 0 0
chcon/1459 0 1 0 0 0 0 0 0 0 0 0 0 0 0 0 0 0 0 0 0 0
chcon/1454 0 1 0 0 0 0 0 0 0 0 0 0 0 0 0 0 0 0 0 0 0
chcon/1455 0 1 0 0 0 0 0 0 0 0 0 0 0 0 0 0 0 0 0 0 0
chcon/1456 0 1 0 0 0 0 0 0 0 0 0 0 0 0 0 0 0 0 0 0 0
chcon/1457 0 1 0 0 0 0 0 0 0 0 0 0 0 0 0 0 0 0 0 0 0
chcon/1450 0 1 0 0 0 0 0 0 0 0 0 0 0 0 0 0 0 0 0 0 0
chcon/1451 0 1 0 0 0 0 0 0 0 0 0 0 0 0 0 0 0 0 0 0 0
chcon/1452 0 1 0 0 0 0 0 0 0 0 0 0 0 0 0 0 0 0 0 0 0
chcon/1453 0 1 0 0 0 0 0 0 0 0 0 0 0 0 0 0 0 0 0 0 0
chcon/1858 1 0 1 0 0 0 0 0 0 0 0 0 0 0 0 0 0 0 0 0 0
chcon/1859 1 0 1 0 0 0 0 0 0 0 0 0 0 0 0 0 0 0 0 0 0
chcon/1850 1 0 1 0 0 0 0 0 0 0 0 0 0 0 0 0 0 0 0 0 0
chcon/1851 1 0 1 0 0 0 0 0 0 0 0 0 0 0 0 0 0 0 0 0 0
chcon/1852 1 0 1 0 0 0 0 0 0 0 0 0 0 0 0 0 0 0 0 0 0
chcon/1853 1 0 1 0 0 0 0 0 0 0 0 0 0 0 0 0 0 0 0 0 0
chcon/1854 1 0 1 0 0 0 0 0 0 0 0 0 0 0 0 0 0 0 0 0 0
chcon/1855 1 0 1 0 0 0 0 0 0 0 0 0 0 0 0 0 0 0 0 0 0
chcon/1857 1 0 1 0 0 0 0 0 0 0 0 0 0 0 0 0 0 0 0 0 0
chcon/1789 1 0 1 0 0 0 0 0 0 0 0 0 0 0 0 0 0 0 0 0 0
chcon/257 1 1 1 0 1 1 1 1 0 0 0 0 0 0 0 0 0 0 0 0 0
chcon/254 1 1 1 0 1 1 1 1 0 0 0 0 0 0 0 0 0 0 0 0 0
chcon/255 1 1 1 1 1 1 1 1 1 1 1 1 1 1 1 1 1 1 1 1 1
chcon/252 1 1 1 0 1 1 1 1 1 1 1 1 1 1 1 1 1 1 1 1 0
chcon/253 1 1 1 0 1 1 1 1 0 0 0 0 0 0 0 0 0 0 0 0 0
chcon/250 1 0 1 1 0 0 1 1 1 1 1 1 1 1 1 1 1 1 1 1 1
chcon/318 1 0 1 1 0 0 1 1 1 1 1 1 1 1 1 1 1 1 1 1 1
chcon/317 1 0 1 1 0 0 1 1 1 1 1 1 1 1 1 1 1 1 1 1 1
chcon/316 1 0 1 1 0 0 1 1 1 1 1 1 1 1 1 1 1 1 1 1 1
chcon/315 1 0 1 1 0 0 1 1 1 1 1 1 1 1 1 1 1 1 1 1 1
chcon/314 1 1 1 1 1 1 1 1 1 1 1 1 1 1 1 1 1 1 1 1 1
chcon/313 1 1 1 1 1 1 1 1 1 1 1 1 1 1 1 1 1 1 1 1 1
chcon/312 1 1 1 1 1 1 1 1 1 1 1 1 1 1 1 1 1 1 1 1 1
chcon/258 1 1 1 1 1 1 1 1 1 1 1 1 1 1 1 1 1 1 1 1 1
chcon/259 1 1 1 1 1 1 1 1 1 1 1 1 1 1 1 1 1 1 1 1 1
chcon/1619 1 0 1 0 0 0 0 0 0 0 0 0 0 0 0 0 0 0 0 0 0
chcon/1924 1 0 1 0 0 0 0 0 0 0 0 0 0 0 0 0 0 0 0 0 0
chcon/700 1 0 1 0 0 0 0 0 0 0 0 0 0 0 0 0 0 0 0 0 0
chcon/877 1 0 1 0 0 0 0 0 0 0 0 0 0 0 0 0 0 0 0 0 0
chcon/875 1 0 1 0 0 0 0 0 0 0 0 0 0 0 0 0 0 0 0 0 0
chcon/1630 1 0 1 0 0 0 0 0 0 0 0 0 0 0 0 0 0 0 0 0 0
chcon/1631 1 0 1 0 0 0 0 0 0 0 0 0 0 0 0 0 0 0 0 0 0
chcon/1632 1 0 1 0 0 0 0 0 0 0 0 0 0 0 0 0 0 0 0 0 0
chcon/1634 1 0 1 0 0 0 0 0 0 0 0 0 0 0 0 0 0 0 0 0 0
chcon/1153 1 1 1 0 0 1 0 0 0 0 0 0 0 0 0 0 0 0 0 0 0
chcon/1636 1 0 1 0 0 0 0 0 0 0 0 0 0 0 0 0 0 0 0 0 0
chcon/1637 1 0 1 0 0 0 0 0 0 0 0 0 0 0 0 0 0 0 0 0 0
chcon/1475 0 1 0 0 0 0 0 0 0 0 0 0 0 0 0 0 0 0 0 0 0
chcon/1639 1 0 1 0 0 0 0 0 0 0 0 0 0 0 0 0 0 0 0 0 0
chcon/1926 1 0 1 0 0 0 0 0 0 0 0 0 0 0 0 0 0 0 0 0 0
chcon/1152 1 1 1 0 1 1 1 1 0 0 0 0 0 0 0 0 0 0 0 0 0
chcon/1920 1 0 1 0 0 0 0 0 0 0 0 0 0 0 0 0 0 0 0 0 0
chcon/1922 1 0 1 0 0 0 0 0 0 0 0 0 0 0 0 0 0 0 0 0 0
chcon/1923 1 0 1 0 0 0 0 0 0 0 0 0 0 0 0 0 0 0 0 0 0
chcon/1015 1 0 1 0 0 0 0 0 0 0 0 0 0 0 0 0 0 0 0 0 0
chcon/1869 1 0 1 0 0 0 0 0 0 0 0 0 0 0 0 0 0 0 0 0 0
chcon/170 1 1 1 1 1 1 1 1 1 1 1 1 1 1 1 1 1 1 1 1 1
chcon/174 1 1 1 1 1 1 1 1 1 1 1 1 1 1 1 1 1 1 1 1 1
chcon/671 0 0 0 0 0 0 0 1 0 0 0 0 0 0 0 0 0 0 0 0 0
chcon/672 0 0 0 0 0 0 0 1 0 0 0 0 0 0 0 0 0 0 0 0 0
chcon/673 0 0 0 0 0 0 0 1 0 0 0 0 0 0 0 0 0 0 0 0 0
chcon/674 0 0 0 0 0 0 0 1 0 0 0 0 0 0 0 0 0 0 0 0 0
chcon/675 1 0 1 0 0 0 0 0 0 0 0 0 0 0 0 0 0 0 0 0 0
chcon/676 1 0 1 0 0 0 0 0 0 0 0 0 0 0 0 0 0 0 0 0 0
chcon/677 1 0 1 0 0 0 0 0 0 0 0 0 0 0 0 0 0 0 0 0 0
chcon/246 1 1 1 1 1 1 1 1 1 1 1 1 1 1 1 1 1 1 1 1 1
chcon/1705 1 0 1 0 0 0 0 0 0 0 0 0 0 0 0 0 0 0 0 0 0
chcon/1339 0 0 0 0 0 1 0 0 0 0 0 0 0 0 0 0 0 0 0 0 0
chcon/1338 0 0 0 0 0 1 0 0 0 0 0 0 0 0 0 0 0 0 0 0 0
chcon/1702 1 0 1 0 0 0 0 0 0 0 0 0 0 0 0 0 0 0 0 0 0
chcon/1703 1 0 1 0 0 0 0 0 0 0 0 0 0 0 0 0 0 0 0 0 0
chcon/1335 0 0 0 0 0 1 0 0 0 0 0 0 0 0 0 0 0 0 0 0 0
chcon/1334 0 0 0 0 0 1 0 0 0 0 0 0 0 0 0 0 0 0 0 0 0
chcon/1331 0 0 0 0 0 1 0 0 0 0 0 0 0 0 0 0 0 0 0 0 0
chcon/1330 0 0 0 0 0 1 0 0 0 0 0 0 0 0 0 0 0 0 0 0 0
chcon/1333 0 0 0 0 0 1 0 0 0 0 0 0 0 0 0 0 0 0 0 0 0
chcon/1332 0 0 0 0 0 1 0 0 0 0 0 0 0 0 0 0 0 0 0 0 0
chcon/77 0 0 0 0 0 0 0 0 1 1 0 0 1 0 1 1 0 0 0 1 0
chcon/76 0 0 0 0 0 0 0 0 1 1 0 0 1 0 1 1 0 0 0 1 0
chcon/74 0 0 0 0 0 0 0 0 1 1 0 0 1 0 1 1 0 0 0 1 0
chcon/73 0 0 0 0 0 0 0 0 1 1 0 0 1 0 1 1 0 0 0 1 0
chcon/71 0 0 0 0 0 0 0 0 1 1 0 0 1 0 1 1 0 0 0 1 0
chcon/70 0 0 0 0 0 0 0 0 1 1 0 0 1 0 1 1 0 0 0 1 0
chcon/79 0 0 0 0 0 0 0 0 1 1 0 0 1 0 1 1 0 0 0 1 0
chcon/908 1 0 1 0 0 0 0 0 0 0 0 0 0 0 0 0 0 0 0 0 0
chcon/909 1 0 1 0 0 0 0 0 0 0 0 0 0 0 0 0 0 0 0 0 0
chcon/458 1 0 1 1 0 0 1 1 1 1 1 1 1 1 1 1 1 1 1 1 1
chcon/459 1 0 1 1 0 0 1 1 1 1 1 1 1 1 1 1 1 1 1 1 1
chcon/454 1 0 1 1 0 0 1 1 1 1 1 1 1 1 1 1 1 1 1 1 1
chcon/455 1 0 1 1 0 0 1 1 1 1 1 1 1 1 1 1 1 1 1 1 1
chcon/456 1 0 1 1 0 0 1 1 1 1 1 1 1 1 1 1 1 1 1 1 1
chcon/457 1 0 1 1 0 0 1 1 1 1 1 1 1 1 1 1 1 1 1 1 1
chcon/450 1 0 1 1 0 0 1 1 1 1 1 1 1 1 1 1 1 1 1 1 1
chcon/451 1 0 1 1 0 0 1 1 1 1 1 1 1 1 1 1 1 1 1 1 1
chcon/452 1 0 1 1 0 0 1 1 1 1 1 1 1 1 1 1 1 1 1 1 1
chcon/327 1 0 1 1 0 0 1 1 1 1 1 1 1 1 1 1 1 1 1 1 1
chcon/515 1 0 1 0 0 0 0 0 0 0 0 0 0 0 0 0 0 0 0 0 0
chcon/516 1 0 1 0 0 0 0 0 0 0 0 0 0 0 0 0 0 0 0 0 0
chcon/1096 0 1 0 0 1 1 1 1 0 0 0 0 0 0 0 0 0 0 0 0 0
chcon/1418 1 0 1 0 0 0 0 0 0 0 0 0 0 0 0 0 0 0 0 0 0
chcon/1419 1 0 1 0 0 0 0 0 0 0 0 0 0 0 0 0 0 0 0 0 0
chcon/1148 0 1 0 0 0 0 0 0 0 0 0 0 0 0 0 0 0 0 0 0 0
chcon/1149 1 0 0 0 0 1 0 0 0 0 0 0 0 0 0 0 0 0 0 0 0
chcon/1146 1 1 1 0 1 1 1 1 0 0 0 0 0 0 0 0 0 0 0 0 0
chcon/1147 1 1 1 0 1 1 1 1 0 0 0 0 0 0 0 0 0 0 0 0 0
chcon/1144 1 1 1 0 1 1 1 1 0 0 0 0 0 0 0 0 0 0 0 0 0
chcon/1145 1 1 1 0 1 1 1 1 0 0 0 0 0 0 0 0 0 0 0 0 0
chcon/1142 1 1 1 0 0 0 0 0 0 0 0 0 0 0 0 0 0 0 0 0 0
chcon/1143 1 1 1 0 1 1 1 1 0 0 0 0 0 0 0 0 0 0 0 0 0
chcon/1140 1 1 1 0 1 1 1 1 0 0 0 0 0 0 0 0 0 0 0 0 0
chcon/1141 1 1 1 0 1 1 1 1 0 0 0 0 0 0 0 0 0 0 0 0 0
chcon/1023 1 0 1 0 0 0 0 0 0 0 0 0 0 0 0 0 0 0 0 0 0
chcon/992 1 0 1 0 0 0 0 0 0 0 0 0 0 0 0 0 0 0 0 0 0
chcon/995 1 0 1 0 0 0 0 0 0 0 0 0 0 0 0 0 0 0 0 0 0
chcon/1024 1 0 1 0 0 0 0 0 0 0 0 0 0 0 0 0 0 0 0 0 0
chcon/997 1 0 1 0 0 0 0 0 0 0 0 0 0 0 0 0 0 0 0 0 0
chcon/1026 1 0 1 0 0 0 0 0 0 0 0 0 0 0 0 0 0 0 0 0 0
chcon/999 1 0 1 0 0 0 0 0 0 0 0 0 0 0 0 0 0 0 0 0 0
chcon/1381 0 0 0 0 1 1 1 1 0 0 0 0 0 0 0 0 0 0 0 0 0
chcon/1382 1 1 1 0 0 0 0 0 0 0 0 0 0 0 0 0 0 0 0 0 0
chcon/1693 1 0 1 0 0 0 0 0 0 0 0 0 0 0 0 0 0 0 0 0 0
chcon/1690 1 0 1 0 0 0 0 0 0 0 0 0 0 0 0 0 0 0 0 0 0
chcon/1645 1 0 1 0 0 0 0 0 0 0 0 0 0 0 0 0 0 0 0 0 0
chcon/1691 1 0 1 0 0 0 0 0 0 0 0 0 0 0 0 0 0 0 0 0 0
chcon/429 1 0 1 1 0 0 1 1 1 1 1 1 1 1 1 1 1 1 1 1 1
chcon/428 1 0 1 1 0 0 1 1 1 1 1 1 1 1 1 1 1 1 1 1 1
chcon/359 1 0 1 1 0 0 1 1 1 1 1 1 1 1 1 1 1 1 1 1 1
chcon/358 1 0 1 1 0 0 1 1 1 1 1 1 1 1 1 1 1 1 1 1 1
chcon/297 1 1 1 1 1 1 1 1 1 1 1 1 1 1 1 1 1 1 1 1 1
chcon/1090 0 1 0 0 1 1 1 1 0 0 0 0 0 0 0 0 0 0 0 0 0
chcon/353 1 0 1 1 0 0 1 1 1 1 1 1 1 1 1 1 1 1 1 1 1
chcon/352 1 0 1 1 0 0 1 1 1 1 1 1 1 1 1 1 1 1 1 1 1
chcon/423 1 0 1 1 0 0 1 1 1 1 1 1 1 1 1 1 1 1 1 1 1
chcon/422 1 0 1 1 0 0 1 1 1 1 1 1 1 1 1 1 1 1 1 1 1
chcon/357 1 0 1 1 0 0 1 1 1 1 1 1 1 1 1 1 1 1 1 1 1
chcon/424 1 0 1 1 0 0 1 1 1 1 1 1 1 1 1 1 1 1 1 1 1
chcon/355 1 0 1 1 0 0 1 1 1 1 1 1 1 1 1 1 1 1 1 1 1
chcon/426 1 0 1 1 0 0 1 1 1 1 1 1 1 1 1 1 1 1 1 1 1
chcon/1644 1 0 1 0 0 0 0 0 0 0 0 0 0 0 0 0 0 0 0 0 0
chcon/191 1 1 1 1 1 1 1 1 1 1 1 1 1 1 1 1 1 1 1 1 1
chcon/190 1 1 1 1 1 1 1 1 1 1 1 1 1 1 1 1 1 1 1 1 1
chcon/1244 1 1 1 0 1 1 1 1 0 0 0 0 0 0 0 0 0 0 0 0 0
chcon/1247 1 1 1 0 0 0 0 0 0 0 0 0 0 0 0 0 0 0 0 0 0
chcon/1246 1 1 1 0 1 1 1 1 0 0 0 0 0 0 0 0 0 0 0 0 0
chcon/1091 0 1 0 0 1 1 1 1 0 0 0 0 0 0 0 0 0 0 0 0 0
chcon/1240 1 1 1 0 1 1 1 1 0 0 0 0 0 0 0 0 0 0 0 0 0
chcon/1564 1 0 1 0 0 0 0 0 0 0 0 0 0 0 0 0 0 0 0 0 0
chcon/1565 1 0 1 0 0 0 0 0 0 0 0 0 0 0 0 0 0 0 0 0 0
chcon/1248 1 1 1 0 1 0 1 1 0 0 0 0 0 0 0 0 0 0 0 0 0
chcon/1562 1 0 1 0 0 0 0 0 0 0 0 0 0 0 0 0 0 0 0 0 0
chcon/1563 1 0 1 0 0 0 0 0 0 0 0 0 0 0 0 0 0 0 0 0 0
chcon/1968 1 0 1 0 0 0 0 0 0 0 0 0 0 0 0 0 0 0 0 0 0
chcon/1969 1 0 1 0 0 0 0 0 0 0 0 0 0 0 0 0 0 0 0 0 0
chcon/344 1 0 1 1 0 0 1 1 1 1 1 1 1 1 1 1 1 1 1 1 1
chcon/345 1 0 1 1 0 0 1 1 1 1 1 1 1 1 1 1 1 1 1 1 1
chcon/346 1 0 1 1 0 0 1 1 1 1 1 1 1 1 1 1 1 1 1 1 1
chcon/347 1 0 1 1 0 0 1 1 1 1 1 1 1 1 1 1 1 1 1 1 1
chcon/229 1 1 1 1 1 1 1 1 1 1 1 1 1 1 1 1 1 1 1 1 1
chcon/436 1 0 1 1 0 0 1 1 1 1 1 1 1 1 1 1 1 1 1 1 1
chcon/1613 1 0 1 0 0 0 0 0 0 0 0 0 0 0 0 0 0 0 0 0 0
chcon/221 1 1 1 1 1 1 1 1 1 1 1 1 1 1 1 1 1 1 1 1 1
chcon/437 1 0 1 1 0 0 1 1 1 1 1 1 1 1 1 1 1 1 1 1 1
chcon/434 1 0 1 1 0 0 1 1 1 1 1 1 1 1 1 1 1 1 1 1 1
chcon/1929 1 0 1 0 0 0 0 0 0 0 0 0 0 0 0 0 0 0 0 0 0
chcon/435 1 0 1 1 0 0 1 1 1 1 1 1 1 1 1 1 1 1 1 1 1
chcon/889 1 0 1 0 0 0 0 0 0 0 0 0 0 0 0 0 0 0 0 0 0
chcon/888 1 0 1 0 0 0 0 0 0 0 0 0 0 0 0 0 0 0 0 0 0
chcon/735 1 0 1 0 0 0 1 0 0 0 0 0 0 0 0 0 0 0 0 0 0
chcon/882 1 0 1 0 0 0 0 0 0 0 0 0 0 0 0 0 0 0 0 0 0
chcon/881 1 0 1 0 0 0 0 0 0 0 0 0 0 0 0 0 0 0 0 0 0
chcon/880 1 0 1 0 0 0 0 0 0 0 0 0 0 0 0 0 0 0 0 0 0
chcon/731 1 0 1 0 0 0 1 0 0 0 0 0 0 0 0 0 0 0 0 0 0
chcon/730 1 0 1 0 0 0 1 0 0 0 0 0 0 0 0 0 0 0 0 0 0
chcon/885 1 0 1 0 0 0 0 0 0 0 0 0 0 0 0 0 0 0 0 0 0
chcon/732 1 0 1 0 0 0 1 0 0 0 0 0 0 0 0 0 0 0 0 0 0
chcon/1748 1 0 1 0 0 0 0 0 0 0 0 0 0 0 0 0 0 0 0 0 0
chcon/1749 1 0 1 0 0 0 0 0 0 0 0 0 0 0 0 0 0 0 0 0 0
chcon/465 1 0 1 1 0 0 1 1 1 1 1 1 1 1 1 1 1 1 1 1 1
chcon/396 1 0 1 1 0 0 1 1 1 1 1 1 1 1 1 1 1 1 1 1 1
chcon/395 1 0 1 1 0 0 1 1 1 1 1 1 1 1 1 1 1 1 1 1 1
chcon/1129 0 1 0 0 1 1 1 1 0 0 0 0 0 0 0 0 0 0 0 0 0
chcon/466 1 0 1 1 0 0 1 1 1 1 1 1 1 1 1 1 1 1 1 1 1
chcon/1578 1 0 1 0 0 0 0 0 0 0 0 0 0 0 0 0 0 0 0 0 0
chcon/461 1 0 1 1 0 0 1 1 1 1 1 1 1 1 1 1 1 1 1 1 1
chcon/392 1 0 1 1 0 0 1 1 1 1 1 1 1 1 1 1 1 1 1 1 1
chcon/463 1 0 1 1 0 0 1 1 1 1 1 1 1 1 1 1 1 1 1 1 1
chcon/390 1 0 1 1 0 0 1 1 1 1 1 1 1 1 1 1 1 1 1 1 1
chcon/1605 1 0 1 0 0 0 0 0 0 0 0 0 0 0 0 0 0 0 0 0 0
chcon/1599 1 0 1 0 0 0 0 0 0 0 0 0 0 0 0 0 0 0 0 0 0
chcon/1598 1 0 1 0 0 0 0 0 0 0 0 0 0 0 0 0 0 0 0 0 0
chcon/1918 1 0 1 0 0 0 0 0 0 0 0 0 0 0 0 0 0 0 0 0 0
chcon/1597 1 0 1 0 0 0 0 0 0 0 0 0 0 0 0 0 0 0 0 0 0
chcon/1596 1 0 1 0 0 0 0 0 0 0 0 0 0 0 0 0 0 0 0 0 0
chcon/1607 1 0 1 0 0 0 0 0 0 0 0 0 0 0 0 0 0 0 0 0 0
chcon/1099 0 1 0 0 1 1 1 1 0 0 0 0 0 0 0 0 0 0 0 0 0
chcon/541 1 0 1 0 0 0 0 0 0 0 0 0 0 0 0 0 0 0 0 0 0
chcon/1069 0 1 0 0 1 1 1 1 0 0 0 0 0 0 0 0 0 0 0 0 0
chcon/1601 1 0 1 0 0 0 0 0 0 0 0 0 0 0 0 0 0 0 0 0 0
chcon/1600 1 0 1 0 0 0 0 0 0 0 0 0 0 0 0 0 0 0 0 0 0
chcon/1697 1 0 1 0 0 0 0 0 0 0 0 0 0 0 0 0 0 0 0 0 0
chcon/1346 0 0 0 0 0 1 0 0 0 0 0 0 0 0 0 0 0 0 0 0 0
chcon/1347 0 0 0 0 0 1 0 0 0 0 0 0 0 0 0 0 0 0 0 0 0
chcon/1340 0 0 0 0 0 1 0 0 0 0 0 0 0 0 0 0 0 0 0 0 0
chcon/1603 1 0 1 0 0 0 0 0 0 0 0 0 0 0 0 0 0 0 0 0 0
chcon/1342 0 0 0 0 0 1 0 0 0 0 0 0 0 0 0 0 0 0 0 0 0
chcon/1343 0 0 0 0 0 1 0 0 0 0 0 0 0 0 0 0 0 0 0 0 0
chcon/1916 1 0 1 0 0 0 0 0 0 0 0 0 0 0 0 0 0 0 0 0 0
chcon/1348 0 0 0 0 0 1 0 0 0 0 0 0 0 0 0 0 0 0 0 0 0
chcon/900 1 0 1 0 0 0 0 0 0 0 0 0 0 0 0 0 0 0 0 0 0
chcon/1528 0 1 0 0 0 0 0 0 0 0 0 0 0 0 0 0 0 0 0 0 0
chcon/901 1 0 1 0 0 0 0 0 0 0 0 0 0 0 0 0 0 0 0 0 0
chcon/1529 0 1 0 0 0 0 0 0 0 0 0 0 0 0 0 0 0 0 0 0 0
chcon/906 1 0 1 0 0 0 0 0 0 0 0 0 0 0 0 0 0 0 0 0 0
chcon/907 1 0 1 0 0 0 0 0 0 0 0 0 0 0 0 0 0 0 0 0 0
chcon/397 1 0 1 1 0 0 1 1 1 1 1 1 1 1 1 1 1 1 1 1 1
chcon/464 1 0 1 1 0 0 1 1 1 1 1 1 1 1 1 1 1 1 1 1 1
chcon/467 1 0 1 1 0 0 1 1 1 1 1 1 1 1 1 1 1 1 1 1 1
chcon/394 1 0 1 1 0 0 1 1 1 1 1 1 1 1 1 1 1 1 1 1 1
chcon/393 1 0 1 1 0 0 1 1 1 1 1 1 1 1 1 1 1 1 1 1 1
chcon/460 1 0 1 1 0 0 1 1 1 1 1 1 1 1 1 1 1 1 1 1 1
chcon/391 1 0 1 1 0 0 1 1 1 1 1 1 1 1 1 1 1 1 1 1 1
chcon/462 1 0 1 1 0 0 1 1 1 1 1 1 1 1 1 1 1 1 1 1 1
chcon/542 1 0 1 0 0 0 0 0 0 0 0 0 0 0 0 0 0 0 0 0 0
chcon/540 1 0 1 0 0 0 0 0 0 0 0 0 0 0 0 0 0 0 0 0 0
chcon/453 1 0 1 1 0 0 1 1 1 1 1 1 1 1 1 1 1 1 1 1 1
chcon/469 1 0 1 1 0 0 1 1 1 1 1 1 1 1 1 1 1 1 1 1 1
chcon/468 1 0 1 1 0 0 1 1 1 1 1 1 1 1 1 1 1 1 1 1 1
chcon/399 1 0 1 1 0 0 1 1 1 1 1 1 1 1 1 1 1 1 1 1 1
chcon/398 1 0 1 1 0 0 1 1 1 1 1 1 1 1 1 1 1 1 1 1 1
chcon/1281 0 0 0 0 1 1 1 1 0 0 0 0 0 0 0 0 0 0 0 0 0
chcon/1280 0 0 0 0 1 1 1 1 0 0 0 0 0 0 0 0 0 0 0 0 0
chcon/1283 0 0 0 0 0 1 0 0 0 0 0 0 0 0 0 0 0 0 0 0 0
chcon/1282 0 0 0 0 0 1 0 0 0 0 0 0 0 0 0 0 0 0 0 0 0
chcon/1285 0 0 0 0 1 1 1 1 0 0 0 0 0 0 0 0 0 0 0 0 0
chcon/1287 0 0 0 0 1 1 1 1 0 0 0 0 0 0 0 0 0 0 0 0 0
chcon/1286 0 0 0 0 1 1 1 1 0 0 0 0 0 0 0 0 0 0 0 0 0
chcon/1289 0 0 0 0 1 1 1 1 0 0 0 0 0 0 0 0 0 0 0 0 0
chcon/1288 0 0 0 0 1 1 1 1 0 0 0 0 0 0 0 0 0 0 0 0 0
chcon/1523 0 1 0 0 0 0 0 0 0 0 0 0 0 0 0 0 0 0 0 0 0
chcon/1524 0 1 0 0 0 0 0 0 0 0 0 0 0 0 0 0 0 0 0 0 0
chcon/1526 0 1 0 0 0 0 0 0 0 0 0 0 0 0 0 0 0 0 0 0 0
chcon/1527 0 1 0 0 0 0 0 0 0 0 0 0 0 0 0 0 0 0 0 0 0
chcon/1442 0 1 0 0 0 0 0 0 0 0 0 0 0 0 0 0 0 0 0 0 0
chcon/1441 0 1 0 0 0 0 0 0 0 0 0 0 0 0 0 0 0 0 0 0 0
chcon/1447 0 1 0 0 0 0 0 0 0 0 0 0 0 0 0 0 0 0 0 0 0
chcon/1446 0 1 0 0 0 0 0 0 0 0 0 0 0 0 0 0 0 0 0 0 0
chcon/1449 0 1 0 0 0 0 0 0 0 0 0 0 0 0 0 0 0 0 0 0 0
chcon/1448 0 1 0 0 0 0 0 0 0 0 0 0 0 0 0 0 0 0 0 0 0
chcon/1849 1 0 1 0 0 0 0 0 0 0 0 0 0 0 0 0 0 0 0 0 0
chcon/1848 1 0 1 0 0 0 0 0 0 0 0 0 0 0 0 0 0 0 0 0 0
chcon/1846 1 0 1 0 0 0 0 0 0 0 0 0 0 0 0 0 0 0 0 0 0
chcon/1845 1 0 1 0 0 0 0 0 0 0 0 0 0 0 0 0 0 0 0 0 0
chcon/1844 1 0 1 0 0 0 0 0 0 0 0 0 0 0 0 0 0 0 0 0 0
chcon/1843 1 0 1 0 0 0 0 0 0 0 0 0 0 0 0 0 0 0 0 0 0
chcon/1842 1 0 1 0 0 0 0 0 0 0 0 0 0 0 0 0 0 0 0 0 0
chcon/1840 1 0 1 0 0 0 0 0 0 0 0 0 0 0 0 0 0 0 0 0 0
chcon/269 0 0 0 0 0 0 0 0 1 1 1 1 1 1 1 1 1 1 1 1 0
chcon/262 1 1 1 1 1 1 1 1 1 1 1 1 1 1 1 1 1 1 1 1 1
chcon/261 1 1 1 0 1 1 1 1 0 0 0 0 0 0 0 0 0 0 0 0 0
chcon/267 0 0 0 0 0 0 0 0 1 1 1 1 1 1 1 1 1 1 1 1 0
chcon/265 1 1 1 0 1 1 1 1 1 1 1 1 1 1 1 1 1 1 1 1 0
chcon/264 1 0 1 1 0 0 1 1 0 0 0 0 0 0 0 0 0 0 0 0 1
chcon/305 1 1 1 1 1 1 1 1 1 1 1 1 1 1 1 1 1 1 1 1 1
chcon/306 1 1 1 0 1 1 1 1 0 0 0 0 0 0 0 0 0 0 0 0 0
chcon/308 1 1 1 0 1 1 1 1 1 1 1 1 1 1 1 1 1 1 1 1 0
chcon/1238 1 1 1 0 1 1 1 1 0 0 0 0 0 0 0 0 0 0 0 0 0
chcon/1234 1 0 1 0 0 0 0 0 0 0 0 0 0 0 0 0 0 0 0 0 0
chcon/1235 0 1 0 0 0 0 0 0 0 0 0 0 0 0 0 0 0 0 0 0 0
chcon/1236 1 1 1 0 1 1 1 1 0 0 0 0 0 0 0 0 0 0 0 0 0
chcon/1237 1 1 1 0 1 1 1 1 0 0 0 0 0 0 0 0 0 0 0 0 0
chcon/1231 0 0 0 0 0 0 1 1 0 0 0 0 0 0 0 0 0 0 0 0 0
chcon/1232 0 0 0 0 1 1 0 0 0 0 0 0 0 0 0 0 0 0 0 0 0
chcon/1233 0 0 0 0 0 1 0 0 0 0 0 0 0 0 0 0 0 0 0 0 0
chcon/847 0 0 0 0 0 0 0 0 0 0 1 1 0 1 0 0 1 1 1 0 0
chcon/846 0 0 0 0 0 0 0 0 0 0 1 1 0 1 0 0 1 1 1 0 0
chcon/845 0 0 0 0 0 0 0 0 0 0 1 1 0 1 0 0 1 1 1 0 0
chcon/844 0 0 0 0 0 0 0 0 0 0 1 1 0 1 0 0 1 1 1 0 0
chcon/843 0 0 0 0 0 0 0 0 0 0 1 1 0 1 0 0 1 1 1 0 0
chcon/842 0 0 0 0 0 0 0 0 1 1 0 0 1 0 1 1 0 0 0 1 0
chcon/1768 1 0 1 0 0 0 0 0 0 0 0 0 0 0 0 0 0 0 0 0 0
chcon/849 0 0 0 0 0 0 0 0 0 0 1 1 0 1 0 0 1 1 1 0 0
chcon/848 0 0 0 0 0 0 0 0 0 0 1 1 0 1 0 0 1 1 1 0 0
chcon/1627 1 0 1 0 0 0 0 0 0 0 0 0 0 0 0 0 0 0 0 0 0
chcon/1626 1 0 1 0 0 0 0 0 0 0 0 0 0 0 0 0 0 0 0 0 0
chcon/1625 1 0 1 0 0 0 0 0 0 0 0 0 0 0 0 0 0 0 0 0 0
chcon/1839 1 0 1 0 0 0 0 0 0 0 0 0 0 0 0 0 0 0 0 0 0
chcon/1623 1 0 1 0 0 0 0 0 0 0 0 0 0 0 0 0 0 0 0 0 0
chcon/1622 1 0 1 0 0 0 0 0 0 0 0 0 0 0 0 0 0 0 0 0 0
chcon/1621 1 0 1 0 0 0 0 0 0 0 0 0 0 0 0 0 0 0 0 0 0
chcon/1620 1 0 1 0 0 0 0 0 0 0 0 0 0 0 0 0 0 0 0 0 0
chcon/1832 1 0 1 0 0 0 0 0 0 0 0 0 0 0 0 0 0 0 0 0 0
chcon/1830 1 0 1 0 0 0 0 0 0 0 0 0 0 0 0 0 0 0 0 0 0
chcon/1831 1 0 1 0 0 0 0 0 0 0 0 0 0 0 0 0 0 0 0 0 0
chcon/1836 1 0 1 0 0 0 0 0 0 0 0 0 0 0 0 0 0 0 0 0 0
chcon/1629 1 0 1 0 0 0 0 0 0 0 0 0 0 0 0 0 0 0 0 0 0
chcon/1628 1 0 1 0 0 0 0 0 0 0 0 0 0 0 0 0 0 0 0 0 0
chcon/1876 1 0 1 0 0 0 0 0 0 0 0 0 0 0 0 0 0 0 0 0 0
chcon/1877 1 0 1 0 0 0 0 0 0 0 0 0 0 0 0 0 0 0 0 0 0
chcon/164 1 1 1 1 1 1 1 1 1 1 1 1 1 1 1 1 1 1 1 1 1
chcon/167 1 1 1 1 1 1 1 1 1 1 1 1 1 1 1 1 1 1 1 1 1
chcon/1414 1 1 1 0 0 0 0 0 0 0 0 0 0 0 0 0 0 0 0 0 0
chcon/168 1 1 1 1 1 1 1 1 1 1 1 1 1 1 1 1 1 1 1 1 1
chcon/169 1 1 1 1 1 1 1 1 1 1 1 1 1 1 1 1 1 1 1 1 1
chcon/1490 0 1 0 0 0 0 0 0 0 0 0 0 0 0 0 0 0 0 0 0 0
chcon/1491 0 1 0 0 0 0 0 0 0 0 0 0 0 0 0 0 0 0 0 0 0
chcon/1492 0 1 0 0 0 0 0 0 0 0 0 0 0 0 0 0 0 0 0 0 0
chcon/1493 0 1 0 0 0 0 0 0 0 0 0 0 0 0 0 0 0 0 0 0 0
chcon/1494 0 1 0 0 0 0 0 0 0 0 0 0 0 0 0 0 0 0 0 0 0
chcon/1495 0 1 0 0 0 0 0 0 0 0 0 0 0 0 0 0 0 0 0 0 0
chcon/1496 0 1 0 0 0 0 0 0 0 0 0 0 0 0 0 0 0 0 0 0 0
chcon/1497 0 1 0 0 0 0 0 0 0 0 0 0 0 0 0 0 0 0 0 0 0
chcon/1498 0 1 0 0 0 0 0 0 0 0 0 0 0 0 0 0 0 0 0 0 0
chcon/1171 1 1 1 0 1 1 1 1 0 0 0 0 0 0 0 0 0 0 0 0 0
chcon/1417 1 0 1 0 0 0 0 0 0 0 0 0 0 0 0 0 0 0 0 0 0
chcon/1300 0 0 0 0 1 0 1 1 0 0 0 0 0 0 0 0 0 0 0 0 0
chcon/1301 0 0 0 0 1 1 1 1 0 0 0 0 0 0 0 0 0 0 0 0 0
chcon/48 0 0 0 1 1 1 1 1 1 1 0 0 1 0 1 1 0 0 0 1 1
chcon/49 0 0 0 1 1 1 1 1 0 0 0 0 0 0 0 0 0 0 0 0 1
chcon/1304 0 0 0 0 1 1 1 1 0 0 0 0 0 0 0 0 0 0 0 0 0
chcon/1306 0 0 0 0 1 1 1 1 0 0 0 0 0 0 0 0 0 0 0 0 0
chcon/1307 0 0 0 0 1 1 1 1 0 0 0 0 0 0 0 0 0 0 0 0 0
chcon/1308 0 0 0 0 1 1 1 1 0 0 0 0 0 0 0 0 0 0 0 0 0
chcon/1309 0 0 0 0 1 0 1 1 0 0 0 0 0 0 0 0 0 0 0 0 0
chcon/40 0 0 0 1 1 1 1 1 1 1 0 0 1 0 1 1 0 0 0 1 1
chcon/41 0 0 0 1 1 1 1 1 1 1 0 0 1 0 1 1 0 0 0 1 1
chcon/47 0 0 0 0 0 0 0 0 1 1 0 0 1 0 1 1 0 0 0 1 0
chcon/44 0 0 0 1 1 1 1 1 1 1 0 0 1 0 1 1 0 0 0 1 1
chcon/45 0 0 0 1 1 1 1 1 1 1 0 0 1 0 1 1 0 0 0 1 1
chcon/905 1 0 1 0 0 0 0 0 0 0 0 0 0 0 0 0 0 0 0 0 0
chcon/230 1 1 1 1 1 1 1 1 1 1 1 1 1 1 1 1 1 1 1 1 1
chcon/1081 0 1 0 0 1 1 1 1 0 0 0 0 0 0 0 0 0 0 0 0 0
chcon/1080 0 1 0 0 1 1 1 1 0 0 0 0 0 0 0 0 0 0 0 0 0
chcon/1087 0 1 0 0 1 1 1 1 0 0 0 0 0 0 0 0 0 0 0 0 0
chcon/1085 0 1 0 0 1 1 1 1 0 0 0 0 0 0 0 0 0 0 0 0 0
chcon/231 1 1 1 1 1 1 1 1 1 1 1 1 1 1 1 1 1 1 1 1 1
chcon/1089 0 1 0 0 1 1 1 1 0 0 0 0 0 0 0 0 0 0 0 0 0
chcon/1380 0 0 0 0 1 1 1 1 0 0 0 0 0 0 0 0 0 0 0 0 0
chcon/117 1 1 1 1 1 1 1 1 1 1 1 1 1 1 1 1 1 1 1 1 1
chcon/116 1 1 1 1 1 1 1 1 1 1 1 1 1 1 1 1 1 1 1 1 1
chcon/119 1 1 1 1 1 1 1 1 1 1 1 1 1 1 1 1 1 1 1 1 1
chcon/118 1 1 1 1 1 1 1 1 1 1 1 1 1 1 1 1 1 1 1 1 1
chcon/1915 1 0 1 0 0 0 0 0 0 0 0 0 0 0 0 0 0 0 0 0 0
chcon/1159 1 1 1 0 1 1 1 1 0 0 0 0 0 0 0 0 0 0 0 0 0
chcon/1158 1 1 1 0 1 1 1 1 0 0 0 0 0 0 0 0 0 0 0 0 0
chcon/1155 1 1 1 0 1 1 1 1 0 0 0 0 0 0 0 0 0 0 0 0 0
chcon/1154 1 1 1 0 1 1 1 1 0 0 0 0 0 0 0 0 0 0 0 0 0
chcon/1157 1 1 1 0 1 1 1 1 0 0 0 0 0 0 0 0 0 0 0 0 0
chcon/1156 1 1 1 0 1 1 1 1 0 0 0 0 0 0 0 0 0 0 0 0 0
chcon/1151 1 1 1 0 1 1 1 1 0 0 0 0 0 0 0 0 0 0 0 0 0
chcon/1150 1 1 1 0 1 1 1 1 0 0 0 0 0 0 0 0 0 0 0 0 0
chcon/698 1 0 1 0 0 0 0 0 0 0 0 0 0 0 0 0 0 0 0 0 0
chcon/699 1 0 1 0 0 0 0 0 0 0 0 0 0 0 0 0 0 0 0 0 0
chcon/1014 1 0 1 0 0 0 0 0 0 0 0 0 0 0 0 0 0 0 0 0 0
chcon/238 1 1 1 1 1 1 1 1 1 1 1 1 1 1 1 1 1 1 1 1 1
chcon/1017 1 0 1 0 0 0 0 0 0 0 0 0 0 0 0 0 0 0 0 0 0
chcon/1010 1 0 1 0 0 0 0 0 0 0 0 0 0 0 0 0 0 0 0 0 0
chcon/239 1 1 1 1 1 1 1 1 1 1 1 1 1 1 1 1 1 1 1 1 1
chcon/1018 1 0 1 0 0 0 0 0 0 0 0 0 0 0 0 0 0 0 0 0 0
chcon/1487 0 1 0 0 0 0 0 0 0 0 0 0 0 0 0 0 0 0 0 0 0
chcon/438 1 0 1 1 0 0 1 1 1 1 1 1 1 1 1 1 1 1 1 1 1
chcon/439 1 0 1 1 0 0 1 1 1 1 1 1 1 1 1 1 1 1 1 1 1
chcon/348 1 0 1 1 0 0 1 1 1 1 1 1 1 1 1 1 1 1 1 1 1
chcon/349 1 0 1 1 0 0 1 1 1 1 1 1 1 1 1 1 1 1 1 1 1
chcon/432 1 0 1 1 0 0 1 1 1 1 1 1 1 1 1 1 1 1 1 1 1
chcon/433 1 0 1 1 0 0 1 1 1 1 1 1 1 1 1 1 1 1 1 1 1
chcon/430 1 0 1 1 0 0 1 1 1 1 1 1 1 1 1 1 1 1 1 1 1
chcon/431 1 0 1 1 0 0 1 1 1 1 1 1 1 1 1 1 1 1 1 1 1
chcon/340 1 0 1 1 0 0 1 1 1 1 1 1 1 1 1 1 1 1 1 1 1
chcon/341 1 0 1 1 0 0 1 1 1 1 1 1 1 1 1 1 1 1 1 1 1
chcon/342 1 0 1 1 0 0 1 1 1 1 1 1 1 1 1 1 1 1 1 1 1
chcon/343 1 0 1 1 0 0 1 1 1 1 1 1 1 1 1 1 1 1 1 1 1
chcon/1278 0 0 0 0 0 1 0 0 0 0 0 0 0 0 0 0 0 0 0 0 0
chcon/1279 0 0 0 0 1 1 1 1 0 0 0 0 0 0 0 0 0 0 0 0 0
chcon/188 1 1 1 1 1 1 1 1 1 1 1 1 1 1 1 1 1 1 1 1 1
chcon/189 1 1 1 1 1 1 1 1 1 1 1 1 1 1 1 1 1 1 1 1 1
chcon/1270 0 0 0 0 1 1 1 1 0 0 0 0 0 0 0 0 0 0 0 0 0
chcon/1274 0 0 0 0 1 1 1 1 0 0 0 0 0 0 0 0 0 0 0 0 0
chcon/1275 0 0 0 0 1 1 1 1 0 0 0 0 0 0 0 0 0 0 0 0 0
chcon/1276 0 0 0 0 1 1 1 1 0 0 0 0 0 0 0 0 0 0 0 0 0
chcon/1277 0 0 0 0 1 1 1 1 0 0 0 0 0 0 0 0 0 0 0 0 0
chcon/1573 1 0 1 0 0 0 0 0 0 0 0 0 0 0 0 0 0 0 0 0 0
chcon/1700 1 0 1 0 0 0 0 0 0 0 0 0 0 0 0 0 0 0 0 0 0
chcon/1478 0 1 0 0 0 0 0 0 0 0 0 0 0 0 0 0 0 0 0 0 0
chcon/1372 0 0 0 0 0 1 0 0 0 0 0 0 0 0 0 0 0 0 0 0 0
chcon/1577 1 0 1 0 0 0 0 0 0 0 0 0 0 0 0 0 0 0 0 0 0
chcon/1576 1 0 1 0 0 0 0 0 0 0 0 0 0 0 0 0 0 0 0 0 0
chcon/1472 0 1 0 0 0 0 0 0 0 0 0 0 0 0 0 0 0 0 0 0 0
chcon/1473 0 1 0 0 0 0 0 0 0 0 0 0 0 0 0 0 0 0 0 0 0
chcon/1470 0 1 0 0 0 0 0 0 0 0 0 0 0 0 0 0 0 0 0 0 0
chcon/1471 0 1 0 0 0 0 0 0 0 0 0 0 0 0 0 0 0 0 0 0 0
chcon/1476 0 1 0 0 0 0 0 0 0 0 0 0 0 0 0 0 0 0 0 0 0
chcon/1477 0 1 0 0 0 0 0 0 0 0 0 0 0 0 0 0 0 0 0 0 0
chcon/1474 0 1 0 0 0 0 0 0 0 0 0 0 0 0 0 0 0 0 0 0 0
chcon/326 1 0 1 1 0 0 1 1 1 1 1 1 1 1 1 1 1 1 1 1 1
chcon/292 1 1 1 1 1 1 1 1 1 1 1 1 1 1 1 1 1 1 1 1 1
chcon/1379 0 0 0 0 0 1 0 0 0 0 0 0 0 0 0 0 0 0 0 0 0
chcon/1875 1 0 1 0 0 0 0 0 0 0 0 0 0 0 0 0 0 0 0 0 0
chcon/1872 1 0 1 0 0 0 0 0 0 0 0 0 0 0 0 0 0 0 0 0 0
chcon/1873 1 0 1 0 0 0 0 0 0 0 0 0 0 0 0 0 0 0 0 0 0
chcon/1870 1 0 1 0 0 0 0 0 0 0 0 0 0 0 0 0 0 0 0 0 0
chcon/1378 0 0 0 0 0 1 0 0 0 0 0 0 0 0 0 0 0 0 0 0 0
chcon/1878 1 0 1 0 0 0 0 0 0 0 0 0 0 0 0 0 0 0 0 0 0
chcon/1879 1 0 1 0 0 0 0 0 0 0 0 0 0 0 0 0 0 0 0 0 0
chcon/339 1 0 1 1 0 0 1 1 1 1 1 1 1 1 1 1 1 1 1 1 1
chcon/338 1 0 1 1 0 0 1 1 1 1 1 1 1 1 1 1 1 1 1 1 1
chcon/232 1 1 1 1 1 1 1 1 1 1 1 1 1 1 1 1 1 1 1 1 1
chcon/233 1 1 1 1 1 1 1 1 1 1 1 1 1 1 1 1 1 1 1 1 1
chcon/234 1 1 1 1 1 1 1 1 1 1 1 1 1 1 1 1 1 1 1 1 1
chcon/236 1 1 1 1 1 1 1 1 1 1 1 1 1 1 1 1 1 1 1 1 1
chcon/237 1 1 1 1 1 1 1 1 1 1 1 1 1 1 1 1 1 1 1 1 1
chcon/331 1 0 1 1 0 0 1 1 1 1 1 1 1 1 1 1 1 1 1 1 1
chcon/330 1 0 1 1 0 0 1 1 1 1 1 1 1 1 1 1 1 1 1 1 1
chcon/333 1 0 1 1 0 0 1 1 1 1 1 1 1 1 1 1 1 1 1 1 1
chcon/332 1 0 1 1 0 0 1 1 1 1 1 1 1 1 1 1 1 1 1 1 1
chcon/335 1 0 1 1 0 0 1 1 1 1 1 1 1 1 1 1 1 1 1 1 1
chcon/334 1 0 1 1 0 0 1 1 1 1 1 1 1 1 1 1 1 1 1 1 1
chcon/337 1 0 1 1 0 0 1 1 1 1 1 1 1 1 1 1 1 1 1 1 1
chcon/336 1 0 1 1 0 0 1 1 1 1 1 1 1 1 1 1 1 1 1 1 1
chcon/1484 0 1 0 0 0 0 0 0 0 0 0 0 0 0 0 0 0 0 0 0 0
chcon/1883 1 0 1 0 0 0 0 0 0 0 0 0 0 0 0 0 0 0 0 0 0
chcon/1881 1 0 1 0 0 0 0 0 0 0 0 0 0 0 0 0 0 0 0 0 0
chcon/1880 1 0 1 0 0 0 0 0 0 0 0 0 0 0 0 0 0 0 0 0 0
chcon/1887 1 0 1 0 0 0 0 0 0 0 0 0 0 0 0 0 0 0 0 0 0
chcon/1885 1 0 1 0 0 0 0 0 0 0 0 0 0 0 0 0 0 0 0 0 0
chcon/1884 1 0 1 0 0 0 0 0 0 0 0 0 0 0 0 0 0 0 0 0 0
